7.994114943	1.837369429	2.828093527	2.828093527	1.837369429	2.828093527	3154
7.994114943	7.994114943	1.837369429	1.837369429	1.837369429	1.837369429	3841
7.994114943	7.994114943	1.837369429	1.837369429	2.828093527	5.195473191	3847
7.994114943	5.195473191	1.837369429	1.837369429	2.828093527	2.828093527	3590
7.994114943	1.837369429	2.828093527	2.828093527	2.828093527	1.837369429	3157
7.994114943	2.828093527	2.828093527	2.828093527	5.195473191	2.828093527	3418
7.994114943	2.828093527	2.828093527	2.828093527	2.828093527	5.195473191	3415
7.994114943	5.195473191	1.837369429	1.837369429	5.195473191	2.828093527	3594
7.994114943	5.195473191	1.837369429	1.837369429	2.828093527	1.837369429	3589
7.994114943	1.837369429	2.828093527	2.828093527	1.837369429	1.837369429	3153
7.994114943	2.828093527	2.828093527	2.828093527	1.837369429	5.195473191	3411
7.994114943	2.828093527	2.828093527	1.837369429	5.195473191	7.994114943	3404
7.994114943	1.837369429	5.195473191	7.994114943	5.195473191	5.195473191	3259
7.994114943	2.828093527	5.195473191	7.994114943	7.994114943	5.195473191	3519
7.994114943	2.828093527	2.828093527	2.828093527	5.195473191	1.837369429	3417
7.994114943	5.195473191	2.828093527	2.828093527	2.828093527	7.994114943	3672
7.994114943	5.195473191	2.828093527	2.828093527	7.994114943	1.837369429	3677
7.994114943	5.195473191	1.837369429	1.837369429	5.195473191	1.837369429	3593
7.994114943	1.837369429	2.828093527	1.837369429	5.195473191	2.828093527	3146
7.994114943	5.195473191	2.828093527	2.828093527	1.837369429	7.994114943	3668
7.994114943	7.994114943	1.837369429	1.837369429	2.828093527	2.828093527	3846
7.994114943	5.195473191	2.828093527	2.828093527	5.195473191	5.195473191	3675
7.994114943	1.837369429	5.195473191	5.195473191	5.195473191	7.994114943	3244
7.994114943	1.837369429	2.828093527	1.837369429	2.828093527	5.195473191	3143
7.994114943	1.837369429	5.195473191	5.195473191	7.994114943	2.828093527	3246
7.994114943	2.828093527	2.828093527	2.828093527	2.828093527	2.828093527	3414
7.994114943	7.994114943	1.837369429	1.837369429	2.828093527	1.837369429	3845
7.994114943	7.994114943	1.837369429	1.837369429	5.195473191	2.828093527	3850
7.994114943	1.837369429	2.828093527	1.837369429	5.195473191	1.837369429	3145
7.994114943	2.828093527	2.828093527	2.828093527	1.837369429	2.828093527	3410
7.994114943	1.837369429	2.828093527	1.837369429	1.837369429	5.195473191	3139
7.994114943	2.828093527	2.828093527	2.828093527	2.828093527	1.837369429	3413
7.994114943	7.994114943	2.828093527	2.828093527	7.994114943	2.828093527	3934
7.994114943	5.195473191	5.195473191	7.994114943	7.994114943	7.994114943	3776
7.994114943	5.195473191	2.828093527	1.837369429	7.994114943	7.994114943	3664
7.994114943	2.828093527	2.828093527	1.837369429	7.994114943	2.828093527	3406
7.994114943	7.994114943	1.837369429	1.837369429	5.195473191	1.837369429	3849
7.994114943	1.837369429	5.195473191	7.994114943	2.828093527	7.994114943	3256
7.994114943	2.828093527	2.828093527	2.828093527	1.837369429	1.837369429	3409
7.994114943	7.994114943	2.828093527	2.828093527	2.828093527	7.994114943	3928
7.994114943	1.837369429	5.195473191	7.994114943	5.195473191	2.828093527	3258
7.994114943	2.828093527	5.195473191	7.994114943	7.994114943	2.828093527	3518
7.994114943	2.828093527	2.828093527	1.837369429	2.828093527	7.994114943	3400
7.994114943	2.828093527	5.195473191	5.195473191	7.994114943	7.994114943	3504
7.994114943	1.837369429	5.195473191	5.195473191	7.994114943	1.837369429	3245
7.994114943	2.828093527	5.195473191	7.994114943	5.195473191	7.994114943	3516
7.994114943	7.994114943	2.828093527	2.828093527	1.837369429	7.994114943	3924
7.994114943	5.195473191	2.828093527	2.828093527	5.195473191	2.828093527	3674
7.994114943	2.828093527	2.828093527	1.837369429	1.837369429	7.994114943	3396
7.994114943	7.994114943	2.828093527	2.828093527	7.994114943	1.837369429	3933
7.994114943	5.195473191	2.828093527	2.828093527	2.828093527	5.195473191	3671
7.994114943	1.837369429	2.828093527	1.837369429	2.828093527	2.828093527	3142
7.994114943	7.994114943	2.828093527	2.828093527	5.195473191	5.195473191	3931
7.994114943	2.828093527	2.828093527	1.837369429	7.994114943	1.837369429	3405
7.994114943	2.828093527	5.195473191	7.994114943	7.994114943	1.837369429	3517
7.994114943	1.837369429	5.195473191	7.994114943	5.195473191	1.837369429	3257
7.994114943	2.828093527	2.828093527	1.837369429	5.195473191	5.195473191	3403
7.994114943	1.837369429	5.195473191	2.828093527	7.994114943	5.195473191	3231
7.994114943	5.195473191	2.828093527	2.828093527	1.837369429	5.195473191	3667
7.994114943	5.195473191	2.828093527	2.828093527	5.195473191	1.837369429	3673
7.994114943	1.837369429	2.828093527	1.837369429	1.837369429	2.828093527	3138
7.994114943	1.837369429	2.828093527	1.837369429	2.828093527	1.837369429	3141
7.994114943	7.994114943	5.195473191	7.994114943	7.994114943	7.994114943	4032
7.994114943	1.837369429	5.195473191	5.195473191	5.195473191	5.195473191	3243
7.994114943	5.195473191	2.828093527	2.828093527	2.828093527	2.828093527	3670
7.994114943	1.837369429	2.828093527	1.837369429	1.837369429	1.837369429	3137
7.994114943	1.837369429	5.195473191	7.994114943	1.837369429	7.994114943	3252
7.994114943	5.195473191	5.195473191	7.994114943	7.994114943	5.195473191	3775
7.994114943	7.994114943	2.828093527	2.828093527	5.195473191	2.828093527	3930
7.994114943	5.195473191	2.828093527	2.828093527	1.837369429	2.828093527	3666
7.994114943	7.994114943	2.828093527	2.828093527	2.828093527	5.195473191	3927
7.994114943	2.828093527	2.828093527	1.837369429	5.195473191	2.828093527	3402
7.994114943	2.828093527	2.828093527	1.837369429	2.828093527	5.195473191	3399
7.994114943	2.828093527	5.195473191	7.994114943	5.195473191	5.195473191	3515
7.994114943	1.837369429	5.195473191	7.994114943	2.828093527	5.195473191	3255
7.994114943	5.195473191	2.828093527	2.828093527	2.828093527	1.837369429	3669
7.994114943	5.195473191	2.828093527	1.837369429	5.195473191	7.994114943	3660
7.994114943	7.994114943	2.828093527	2.828093527	1.837369429	5.195473191	3923
7.994114943	1.837369429	7.994114943	7.994114943	7.994114943	7.994114943	3328
7.994114943	2.828093527	5.195473191	5.195473191	7.994114943	5.195473191	3503
7.994114943	2.828093527	2.828093527	1.837369429	1.837369429	5.195473191	3395
7.994114943	7.994114943	2.828093527	2.828093527	5.195473191	1.837369429	3929
7.994114943	5.195473191	2.828093527	2.828093527	1.837369429	1.837369429	3665
7.994114943	2.828093527	2.828093527	1.837369429	5.195473191	1.837369429	3401
7.994114943	5.195473191	2.828093527	1.837369429	7.994114943	5.195473191	3663
7.994114943	7.994114943	2.828093527	1.837369429	7.994114943	7.994114943	3920
7.994114943	5.195473191	5.195473191	7.994114943	7.994114943	2.828093527	3774
7.994114943	1.837369429	5.195473191	5.195473191	2.828093527	7.994114943	3240
7.994114943	1.837369429	5.195473191	5.195473191	5.195473191	2.828093527	3242
7.994114943	7.994114943	2.828093527	2.828093527	2.828093527	2.828093527	3926
7.994114943	1.837369429	5.195473191	2.828093527	5.195473191	7.994114943	3228
7.994114943	2.828093527	5.195473191	7.994114943	5.195473191	2.828093527	3514
7.994114943	1.837369429	5.195473191	1.837369429	2.828093527	7.994114943	3208
7.994114943	5.195473191	5.195473191	7.994114943	5.195473191	7.994114943	3772
7.994114943	2.828093527	2.828093527	1.837369429	2.828093527	2.828093527	3398
7.994114943	1.837369429	5.195473191	2.828093527	7.994114943	2.828093527	3230
7.994114943	7.994114943	5.195473191	7.994114943	7.994114943	5.195473191	4031
7.994114943	1.837369429	5.195473191	7.994114943	2.828093527	2.828093527	3254
1.837369429	1.837369429	7.994114943	7.994114943	1.837369429	7.994114943	244
7.994114943	2.828093527	5.195473191	5.195473191	5.195473191	7.994114943	3500
7.994114943	5.195473191	2.828093527	1.837369429	2.828093527	7.994114943	3656
7.994114943	7.994114943	2.828093527	2.828093527	1.837369429	2.828093527	3922
7.994114943	5.195473191	5.195473191	7.994114943	7.994114943	1.837369429	3773
7.994114943	2.828093527	5.195473191	7.994114943	2.828093527	7.994114943	3512
7.994114943	7.994114943	2.828093527	2.828093527	2.828093527	1.837369429	3925
7.994114943	2.828093527	2.828093527	1.837369429	1.837369429	2.828093527	3394
7.994114943	2.828093527	5.195473191	7.994114943	5.195473191	1.837369429	3513
7.994114943	2.828093527	5.195473191	5.195473191	7.994114943	2.828093527	3502
7.994114943	1.837369429	5.195473191	5.195473191	5.195473191	1.837369429	3241
7.994114943	2.828093527	2.828093527	1.837369429	2.828093527	1.837369429	3397
7.994114943	5.195473191	2.828093527	1.837369429	1.837369429	7.994114943	3652
5.195473191	7.994114943	5.195473191	5.195473191	1.837369429	1.837369429	2977
7.994114943	5.195473191	2.828093527	1.837369429	7.994114943	2.828093527	3662
7.994114943	1.837369429	5.195473191	7.994114943	2.828093527	1.837369429	3253
7.994114943	7.994114943	2.828093527	2.828093527	1.837369429	1.837369429	3921
7.994114943	1.837369429	5.195473191	7.994114943	1.837369429	5.195473191	3251
7.994114943	1.837369429	5.195473191	2.828093527	7.994114943	1.837369429	3229
7.994114943	5.195473191	5.195473191	5.195473191	7.994114943	7.994114943	3760
7.994114943	1.837369429	5.195473191	1.837369429	5.195473191	2.828093527	3210
1.837369429	1.837369429	7.994114943	7.994114943	1.837369429	5.195473191	243
7.994114943	1.837369429	5.195473191	1.837369429	1.837369429	7.994114943	3204
7.994114943	2.828093527	2.828093527	1.837369429	1.837369429	1.837369429	3393
7.994114943	2.828093527	5.195473191	5.195473191	7.994114943	1.837369429	3501
7.994114943	5.195473191	2.828093527	1.837369429	5.195473191	5.195473191	3659
7.994114943	7.994114943	2.828093527	1.837369429	5.195473191	7.994114943	3916
7.994114943	5.195473191	2.828093527	1.837369429	7.994114943	1.837369429	3661
7.994114943	7.994114943	5.195473191	7.994114943	7.994114943	2.828093527	4030
5.195473191	2.828093527	7.994114943	7.994114943	2.828093527	5.195473191	2551
7.994114943	2.828093527	5.195473191	2.828093527	7.994114943	7.994114943	3488
7.994114943	1.837369429	7.994114943	7.994114943	7.994114943	5.195473191	3327
7.994114943	7.994114943	5.195473191	7.994114943	5.195473191	7.994114943	4028
7.994114943	7.994114943	2.828093527	1.837369429	7.994114943	5.195473191	3919
1.837369429	1.837369429	7.994114943	7.994114943	1.837369429	2.828093527	242
7.994114943	1.837369429	7.994114943	5.195473191	7.994114943	7.994114943	3312
7.994114943	5.195473191	5.195473191	7.994114943	5.195473191	5.195473191	3771
7.994114943	7.994114943	5.195473191	7.994114943	7.994114943	1.837369429	4029
7.994114943	1.837369429	5.195473191	1.837369429	5.195473191	1.837369429	3209
7.994114943	1.837369429	5.195473191	5.195473191	2.828093527	5.195473191	3239
7.994114943	2.828093527	5.195473191	5.195473191	5.195473191	5.195473191	3499
7.994114943	5.195473191	2.828093527	1.837369429	2.828093527	5.195473191	3655
7.994114943	5.195473191	2.828093527	1.837369429	5.195473191	2.828093527	3658
7.994114943	2.828093527	5.195473191	7.994114943	2.828093527	5.195473191	3511
7.994114943	1.837369429	5.195473191	7.994114943	1.837369429	2.828093527	3250
7.994114943	7.994114943	2.828093527	1.837369429	2.828093527	7.994114943	3912
5.195473191	2.828093527	7.994114943	5.195473191	1.837369429	7.994114943	2532
7.994114943	1.837369429	5.195473191	2.828093527	5.195473191	5.195473191	3227
7.994114943	1.837369429	5.195473191	5.195473191	1.837369429	7.994114943	3236
7.994114943	2.828093527	5.195473191	7.994114943	1.837369429	7.994114943	3508
7.994114943	5.195473191	2.828093527	1.837369429	1.837369429	5.195473191	3651
1.837369429	1.837369429	7.994114943	7.994114943	1.837369429	1.837369429	241
7.994114943	7.994114943	2.828093527	1.837369429	1.837369429	7.994114943	3908
7.994114943	5.195473191	2.828093527	1.837369429	5.195473191	1.837369429	3657
1.837369429	1.837369429	7.994114943	7.994114943	2.828093527	1.837369429	245
7.994114943	7.994114943	5.195473191	5.195473191	7.994114943	7.994114943	4016
7.994114943	5.195473191	5.195473191	5.195473191	7.994114943	5.195473191	3759
7.994114943	1.837369429	5.195473191	1.837369429	2.828093527	5.195473191	3207
7.994114943	1.837369429	7.994114943	2.828093527	1.837369429	5.195473191	3283
7.994114943	5.195473191	5.195473191	7.994114943	5.195473191	2.828093527	3770
7.994114943	1.837369429	5.195473191	7.994114943	1.837369429	1.837369429	3249
7.994114943	7.994114943	2.828093527	1.837369429	7.994114943	2.828093527	3918
5.195473191	2.828093527	7.994114943	5.195473191	2.828093527	5.195473191	2535
7.994114943	1.837369429	7.994114943	7.994114943	7.994114943	2.828093527	3326
7.994114943	2.828093527	5.195473191	1.837369429	7.994114943	7.994114943	3472
7.994114943	7.994114943	2.828093527	1.837369429	5.195473191	5.195473191	3915
7.994114943	2.828093527	5.195473191	5.195473191	5.195473191	2.828093527	3498
7.994114943	5.195473191	2.828093527	1.837369429	2.828093527	2.828093527	3654
7.994114943	5.195473191	5.195473191	7.994114943	5.195473191	1.837369429	3769
7.994114943	7.994114943	5.195473191	7.994114943	5.195473191	5.195473191	4027
7.994114943	2.828093527	5.195473191	7.994114943	2.828093527	2.828093527	3510
7.994114943	7.994114943	2.828093527	1.837369429	7.994114943	1.837369429	3917
7.994114943	1.837369429	5.195473191	2.828093527	2.828093527	7.994114943	3224
7.994114943	2.828093527	5.195473191	5.195473191	2.828093527	7.994114943	3496
7.994114943	1.837369429	5.195473191	5.195473191	2.828093527	2.828093527	3238
7.994114943	2.828093527	5.195473191	2.828093527	7.994114943	5.195473191	3487
7.994114943	5.195473191	5.195473191	7.994114943	2.828093527	7.994114943	3768
7.994114943	1.837369429	5.195473191	1.837369429	1.837369429	5.195473191	3203
7.994114943	1.837369429	7.994114943	7.994114943	7.994114943	1.837369429	3325
7.994114943	5.195473191	2.828093527	1.837369429	1.837369429	2.828093527	3650
7.994114943	1.837369429	7.994114943	7.994114943	5.195473191	7.994114943	3324
7.994114943	5.195473191	5.195473191	5.195473191	5.195473191	7.994114943	3756
7.994114943	2.828093527	5.195473191	5.195473191	5.195473191	1.837369429	3497
7.994114943	5.195473191	2.828093527	1.837369429	2.828093527	1.837369429	3653
7.994114943	2.828093527	5.195473191	7.994114943	2.828093527	1.837369429	3509
7.994114943	1.837369429	7.994114943	2.828093527	2.828093527	1.837369429	3285
7.994114943	1.837369429	5.195473191	2.828093527	5.195473191	2.828093527	3226
7.994114943	5.195473191	5.195473191	5.195473191	7.994114943	2.828093527	3758
7.994114943	7.994114943	2.828093527	1.837369429	2.828093527	5.195473191	3911
7.994114943	1.837369429	5.195473191	5.195473191	2.828093527	1.837369429	3237
7.994114943	5.195473191	2.828093527	1.837369429	1.837369429	1.837369429	3649
7.994114943	7.994114943	2.828093527	1.837369429	5.195473191	2.828093527	3914
7.994114943	1.837369429	5.195473191	2.828093527	1.837369429	7.994114943	3220
7.994114943	1.837369429	7.994114943	5.195473191	7.994114943	5.195473191	3311
7.994114943	2.828093527	5.195473191	7.994114943	1.837369429	5.195473191	3507
7.994114943	5.195473191	5.195473191	5.195473191	7.994114943	1.837369429	3757
7.994114943	7.994114943	5.195473191	7.994114943	5.195473191	2.828093527	4026
7.994114943	2.828093527	5.195473191	2.828093527	5.195473191	7.994114943	3484
7.994114943	1.837369429	5.195473191	2.828093527	5.195473191	1.837369429	3225
7.994114943	7.994114943	2.828093527	1.837369429	1.837369429	5.195473191	3907
7.994114943	1.837369429	5.195473191	1.837369429	2.828093527	2.828093527	3206
7.994114943	7.994114943	5.195473191	5.195473191	7.994114943	5.195473191	4015
7.994114943	7.994114943	2.828093527	1.837369429	5.195473191	1.837369429	3913
7.994114943	1.837369429	5.195473191	5.195473191	1.837369429	5.195473191	3235
7.994114943	7.994114943	5.195473191	7.994114943	5.195473191	1.837369429	4025
7.994114943	2.828093527	5.195473191	2.828093527	7.994114943	2.828093527	3486
7.994114943	1.837369429	5.195473191	1.837369429	2.828093527	1.837369429	3205
7.994114943	2.828093527	7.994114943	7.994114943	7.994114943	7.994114943	3584
7.994114943	7.994114943	2.828093527	1.837369429	2.828093527	2.828093527	3910
7.994114943	2.828093527	5.195473191	1.837369429	7.994114943	5.195473191	3471
7.994114943	7.994114943	5.195473191	7.994114943	2.828093527	7.994114943	4024
7.994114943	1.837369429	5.195473191	1.837369429	1.837369429	2.828093527	3202
7.994114943	5.195473191	5.195473191	7.994114943	2.828093527	5.195473191	3767
7.994114943	2.828093527	5.195473191	5.195473191	2.828093527	5.195473191	3495
7.994114943	2.828093527	5.195473191	2.828093527	7.994114943	1.837369429	3485
5.195473191	7.994114943	5.195473191	2.828093527	2.828093527	5.195473191	2967
7.994114943	2.828093527	5.195473191	7.994114943	1.837369429	2.828093527	3506
7.994114943	1.837369429	5.195473191	2.828093527	2.828093527	5.195473191	3223
7.994114943	5.195473191	5.195473191	5.195473191	5.195473191	5.195473191	3755
7.994114943	7.994114943	5.195473191	5.195473191	5.195473191	7.994114943	4012
7.994114943	7.994114943	2.828093527	1.837369429	1.837369429	2.828093527	3906
7.994114943	7.994114943	5.195473191	5.195473191	7.994114943	2.828093527	4014
7.994114943	1.837369429	7.994114943	5.195473191	5.195473191	7.994114943	3308
7.994114943	7.994114943	2.828093527	1.837369429	2.828093527	1.837369429	3909
7.994114943	1.837369429	7.994114943	5.195473191	7.994114943	2.828093527	3310
7.994114943	2.828093527	5.195473191	1.837369429	5.195473191	7.994114943	3468
7.994114943	2.828093527	5.195473191	5.195473191	1.837369429	7.994114943	3492
5.195473191	2.828093527	7.994114943	7.994114943	2.828093527	2.828093527	2550
7.994114943	5.195473191	5.195473191	7.994114943	1.837369429	7.994114943	3764
7.994114943	1.837369429	7.994114943	7.994114943	5.195473191	5.195473191	3323
7.994114943	1.837369429	7.994114943	2.828093527	1.837369429	2.828093527	3282
7.994114943	2.828093527	5.195473191	7.994114943	1.837369429	1.837369429	3505
5.195473191	2.828093527	7.994114943	5.195473191	1.837369429	5.195473191	2531
7.994114943	1.837369429	5.195473191	1.837369429	1.837369429	1.837369429	3201
5.195473191	2.828093527	7.994114943	5.195473191	2.828093527	2.828093527	2534
7.994114943	5.195473191	5.195473191	2.828093527	7.994114943	7.994114943	3744
7.994114943	7.994114943	2.828093527	1.837369429	1.837369429	1.837369429	3905
7.994114943	1.837369429	5.195473191	5.195473191	1.837369429	2.828093527	3234
7.994114943	7.994114943	5.195473191	5.195473191	7.994114943	1.837369429	4013
7.994114943	1.837369429	5.195473191	2.828093527	1.837369429	5.195473191	3219
7.994114943	1.837369429	7.994114943	5.195473191	7.994114943	1.837369429	3309
5.195473191	2.828093527	7.994114943	7.994114943	1.837369429	7.994114943	2548
7.994114943	5.195473191	5.195473191	7.994114943	2.828093527	2.828093527	3766
7.994114943	2.828093527	5.195473191	2.828093527	5.195473191	5.195473191	3483
7.994114943	2.828093527	5.195473191	5.195473191	2.828093527	2.828093527	3494
7.994114943	5.195473191	5.195473191	5.195473191	5.195473191	2.828093527	3754
7.994114943	2.828093527	5.195473191	1.837369429	7.994114943	2.828093527	3470
7.994114943	1.837369429	5.195473191	5.195473191	1.837369429	1.837369429	3233
5.195473191	2.828093527	7.994114943	5.195473191	2.828093527	1.837369429	2533
7.994114943	1.837369429	5.195473191	2.828093527	2.828093527	2.828093527	3222
7.994114943	1.837369429	7.994114943	2.828093527	1.837369429	1.837369429	3281
7.994114943	5.195473191	5.195473191	7.994114943	2.828093527	1.837369429	3765
5.195473191	5.195473191	7.994114943	7.994114943	5.195473191	2.828093527	2810
5.195473191	2.828093527	7.994114943	7.994114943	2.828093527	1.837369429	2549
7.994114943	1.837369429	7.994114943	5.195473191	1.837369429	7.994114943	3300
7.994114943	5.195473191	5.195473191	5.195473191	2.828093527	7.994114943	3752
7.994114943	1.837369429	7.994114943	5.195473191	2.828093527	7.994114943	3304
7.994114943	7.994114943	5.195473191	7.994114943	2.828093527	5.195473191	4023
7.994114943	5.195473191	5.195473191	5.195473191	5.195473191	1.837369429	3753
7.994114943	2.828093527	5.195473191	5.195473191	2.828093527	1.837369429	3493
7.994114943	2.828093527	7.994114943	7.994114943	7.994114943	5.195473191	3583
7.994114943	2.828093527	5.195473191	1.837369429	7.994114943	1.837369429	3469
7.994114943	1.837369429	7.994114943	7.994114943	5.195473191	2.828093527	3322
7.994114943	1.837369429	5.195473191	2.828093527	2.828093527	1.837369429	3221
5.195473191	5.195473191	5.195473191	2.828093527	1.837369429	5.195473191	2707
7.994114943	7.994114943	5.195473191	5.195473191	5.195473191	5.195473191	4011
7.994114943	1.837369429	5.195473191	2.828093527	1.837369429	2.828093527	3218
7.994114943	2.828093527	5.195473191	2.828093527	5.195473191	2.828093527	3482
7.994114943	1.837369429	7.994114943	7.994114943	2.828093527	7.994114943	3320
7.994114943	5.195473191	5.195473191	7.994114943	1.837369429	5.195473191	3763
7.994114943	7.994114943	5.195473191	7.994114943	1.837369429	7.994114943	4020
7.994114943	2.828093527	5.195473191	2.828093527	2.828093527	7.994114943	3480
7.994114943	1.837369429	7.994114943	5.195473191	5.195473191	5.195473191	3307
5.195473191	2.828093527	7.994114943	5.195473191	1.837369429	2.828093527	2530
7.994114943	1.837369429	7.994114943	7.994114943	1.837369429	7.994114943	3316
7.994114943	2.828093527	5.195473191	1.837369429	5.195473191	5.195473191	3467
7.994114943	1.837369429	7.994114943	7.994114943	5.195473191	1.837369429	3321
7.994114943	2.828093527	5.195473191	1.837369429	2.828093527	7.994114943	3464
7.994114943	2.828093527	5.195473191	5.195473191	1.837369429	5.195473191	3491
7.994114943	5.195473191	5.195473191	2.828093527	7.994114943	5.195473191	3743
7.994114943	1.837369429	5.195473191	2.828093527	1.837369429	1.837369429	3217
7.994114943	7.994114943	5.195473191	7.994114943	2.828093527	2.828093527	4022
7.994114943	2.828093527	5.195473191	2.828093527	5.195473191	1.837369429	3481
7.994114943	2.828093527	7.994114943	5.195473191	7.994114943	7.994114943	3568
7.994114943	2.828093527	7.994114943	7.994114943	7.994114943	2.828093527	3582
7.994114943	2.828093527	5.195473191	1.837369429	1.837369429	7.994114943	3460
5.195473191	2.828093527	7.994114943	5.195473191	1.837369429	1.837369429	2529
7.994114943	7.994114943	5.195473191	2.828093527	7.994114943	7.994114943	4000
7.994114943	7.994114943	5.195473191	5.195473191	5.195473191	2.828093527	4010
7.994114943	2.828093527	7.994114943	2.828093527	7.994114943	7.994114943	3552
5.195473191	2.828093527	7.994114943	7.994114943	1.837369429	5.195473191	2547
7.994114943	5.195473191	5.195473191	2.828093527	5.195473191	7.994114943	3740
7.994114943	7.994114943	5.195473191	7.994114943	2.828093527	1.837369429	4021
7.994114943	5.195473191	5.195473191	7.994114943	1.837369429	2.828093527	3762
7.994114943	2.828093527	7.994114943	7.994114943	7.994114943	1.837369429	3581
5.195473191	5.195473191	7.994114943	7.994114943	5.195473191	1.837369429	2809
7.994114943	5.195473191	5.195473191	5.195473191	2.828093527	5.195473191	3751
7.994114943	1.837369429	7.994114943	5.195473191	1.837369429	5.195473191	3299
7.994114943	7.994114943	5.195473191	5.195473191	5.195473191	1.837369429	4009
7.994114943	1.837369429	7.994114943	5.195473191	2.828093527	5.195473191	3303
7.994114943	5.195473191	5.195473191	1.837369429	7.994114943	7.994114943	3728
7.994114943	7.994114943	5.195473191	5.195473191	2.828093527	7.994114943	4008
7.994114943	1.837369429	7.994114943	5.195473191	5.195473191	2.828093527	3306
7.994114943	2.828093527	5.195473191	1.837369429	5.195473191	2.828093527	3466
7.994114943	2.828093527	7.994114943	7.994114943	5.195473191	7.994114943	3580
7.994114943	5.195473191	5.195473191	2.828093527	7.994114943	2.828093527	3742
7.994114943	2.828093527	5.195473191	5.195473191	1.837369429	2.828093527	3490
7.994114943	2.828093527	5.195473191	2.828093527	1.837369429	7.994114943	3476
7.994114943	5.195473191	5.195473191	7.994114943	1.837369429	1.837369429	3761
5.195473191	7.994114943	7.994114943	5.195473191	7.994114943	2.828093527	3054
7.994114943	5.195473191	5.195473191	5.195473191	1.837369429	7.994114943	3748
5.195473191	5.195473191	5.195473191	2.828093527	1.837369429	2.828093527	2706
7.994114943	1.837369429	7.994114943	5.195473191	5.195473191	1.837369429	3305
7.994114943	7.994114943	5.195473191	7.994114943	1.837369429	5.195473191	4019
7.994114943	1.837369429	7.994114943	7.994114943	2.828093527	5.195473191	3319
5.195473191	7.994114943	5.195473191	2.828093527	2.828093527	2.828093527	2966
7.994114943	1.837369429	7.994114943	7.994114943	1.837369429	5.195473191	3315
7.994114943	5.195473191	5.195473191	2.828093527	7.994114943	1.837369429	3741
7.994114943	2.828093527	5.195473191	1.837369429	5.195473191	1.837369429	3465
5.195473191	7.994114943	5.195473191	2.828093527	1.837369429	7.994114943	2964
7.994114943	2.828093527	5.195473191	5.195473191	1.837369429	1.837369429	3489
5.195473191	5.195473191	7.994114943	5.195473191	5.195473191	7.994114943	2796
5.195473191	2.828093527	7.994114943	7.994114943	1.837369429	2.828093527	2546
7.994114943	2.828093527	5.195473191	2.828093527	2.828093527	5.195473191	3479
7.994114943	2.828093527	5.195473191	1.837369429	2.828093527	5.195473191	3463
7.994114943	5.195473191	7.994114943	7.994114943	7.994114943	7.994114943	3840
7.994114943	5.195473191	5.195473191	5.195473191	2.828093527	2.828093527	3750
7.994114943	1.837369429	7.994114943	5.195473191	2.828093527	2.828093527	3302
7.994114943	1.837369429	7.994114943	5.195473191	1.837369429	2.828093527	3298
5.195473191	5.195473191	5.195473191	2.828093527	1.837369429	1.837369429	2705
5.195473191	2.828093527	7.994114943	7.994114943	1.837369429	1.837369429	2545
7.994114943	2.828093527	7.994114943	5.195473191	7.994114943	5.195473191	3567
7.994114943	2.828093527	7.994114943	2.828093527	5.195473191	7.994114943	3548
7.994114943	7.994114943	5.195473191	2.828093527	7.994114943	5.195473191	3999
7.994114943	2.828093527	5.195473191	1.837369429	1.837369429	5.195473191	3459
7.994114943	5.195473191	5.195473191	5.195473191	2.828093527	1.837369429	3749
7.994114943	5.195473191	5.195473191	2.828093527	5.195473191	5.195473191	3739
7.994114943	1.837369429	7.994114943	5.195473191	2.828093527	1.837369429	3301
7.994114943	7.994114943	5.195473191	7.994114943	1.837369429	2.828093527	4018
7.994114943	1.837369429	7.994114943	5.195473191	1.837369429	1.837369429	3297
7.994114943	1.837369429	7.994114943	7.994114943	2.828093527	2.828093527	3318
7.994114943	2.828093527	7.994114943	2.828093527	7.994114943	5.195473191	3551
7.994114943	1.837369429	7.994114943	7.994114943	1.837369429	2.828093527	3314
5.195473191	7.994114943	5.195473191	2.828093527	2.828093527	1.837369429	2965
7.994114943	2.828093527	7.994114943	2.828093527	2.828093527	7.994114943	3544
7.994114943	7.994114943	5.195473191	5.195473191	2.828093527	5.195473191	4007
7.994114943	2.828093527	7.994114943	2.828093527	1.837369429	7.994114943	3540
7.994114943	7.994114943	5.195473191	2.828093527	5.195473191	7.994114943	3996
7.994114943	5.195473191	5.195473191	1.837369429	7.994114943	5.195473191	3727
7.994114943	2.828093527	5.195473191	2.828093527	2.828093527	2.828093527	3478
7.994114943	1.837369429	7.994114943	7.994114943	2.828093527	1.837369429	3317
7.994114943	7.994114943	5.195473191	7.994114943	1.837369429	1.837369429	4017
7.994114943	2.828093527	5.195473191	1.837369429	2.828093527	2.828093527	3462
7.994114943	2.828093527	7.994114943	7.994114943	5.195473191	5.195473191	3579
7.994114943	5.195473191	5.195473191	1.837369429	5.195473191	7.994114943	3724
7.994114943	1.837369429	7.994114943	7.994114943	1.837369429	1.837369429	3313
7.994114943	2.828093527	5.195473191	2.828093527	1.837369429	5.195473191	3475
1.837369429	2.828093527	7.994114943	7.994114943	1.837369429	2.828093527	498
7.994114943	5.195473191	5.195473191	5.195473191	1.837369429	5.195473191	3747
7.994114943	7.994114943	5.195473191	5.195473191	1.837369429	7.994114943	4004
7.994114943	7.994114943	5.195473191	2.828093527	7.994114943	2.828093527	3998
7.994114943	2.828093527	5.195473191	2.828093527	2.828093527	1.837369429	3477
7.994114943	2.828093527	7.994114943	5.195473191	7.994114943	2.828093527	3566
7.994114943	5.195473191	5.195473191	2.828093527	5.195473191	2.828093527	3738
7.994114943	2.828093527	5.195473191	1.837369429	2.828093527	1.837369429	3461
7.994114943	2.828093527	5.195473191	1.837369429	1.837369429	2.828093527	3458
7.994114943	2.828093527	7.994114943	5.195473191	5.195473191	7.994114943	3564
7.994114943	5.195473191	7.994114943	7.994114943	7.994114943	5.195473191	3839
7.994114943	5.195473191	5.195473191	2.828093527	2.828093527	7.994114943	3736
7.994114943	7.994114943	5.195473191	1.837369429	7.994114943	7.994114943	3984
7.994114943	7.994114943	5.195473191	5.195473191	2.828093527	2.828093527	4006
7.994114943	2.828093527	7.994114943	2.828093527	7.994114943	2.828093527	3550
7.994114943	7.994114943	5.195473191	2.828093527	7.994114943	1.837369429	3997
7.994114943	2.828093527	7.994114943	5.195473191	7.994114943	1.837369429	3565
1.837369429	2.828093527	7.994114943	7.994114943	1.837369429	1.837369429	497
7.994114943	5.195473191	5.195473191	2.828093527	5.195473191	1.837369429	3737
7.994114943	5.195473191	5.195473191	1.837369429	7.994114943	2.828093527	3726
7.994114943	7.994114943	7.994114943	7.994114943	7.994114943	7.994114943	4096
7.994114943	2.828093527	5.195473191	1.837369429	1.837369429	1.837369429	3457
7.994114943	2.828093527	7.994114943	2.828093527	5.195473191	5.195473191	3547
5.195473191	7.994114943	7.994114943	5.195473191	7.994114943	1.837369429	3053
7.994114943	2.828093527	7.994114943	7.994114943	5.195473191	2.828093527	3578
7.994114943	2.828093527	5.195473191	2.828093527	1.837369429	2.828093527	3474
5.195473191	7.994114943	5.195473191	2.828093527	1.837369429	5.195473191	2963
7.994114943	5.195473191	5.195473191	5.195473191	1.837369429	2.828093527	3746
7.994114943	7.994114943	5.195473191	5.195473191	2.828093527	1.837369429	4005
7.994114943	2.828093527	7.994114943	2.828093527	7.994114943	1.837369429	3549
7.994114943	5.195473191	5.195473191	1.837369429	7.994114943	1.837369429	3725
5.195473191	5.195473191	7.994114943	5.195473191	5.195473191	5.195473191	2795
7.994114943	7.994114943	5.195473191	2.828093527	5.195473191	5.195473191	3995
7.994114943	2.828093527	7.994114943	7.994114943	5.195473191	1.837369429	3577
7.994114943	5.195473191	7.994114943	7.994114943	7.994114943	2.828093527	3838
7.994114943	2.828093527	5.195473191	2.828093527	1.837369429	1.837369429	3473
7.994114943	2.828093527	7.994114943	2.828093527	2.828093527	5.195473191	3543
7.994114943	5.195473191	5.195473191	5.195473191	1.837369429	1.837369429	3745
5.195473191	5.195473191	7.994114943	5.195473191	2.828093527	7.994114943	2792
5.195473191	5.195473191	7.994114943	5.195473191	1.837369429	7.994114943	2788
5.195473191	7.994114943	7.994114943	7.994114943	5.195473191	7.994114943	3068
7.994114943	5.195473191	5.195473191	1.837369429	5.195473191	5.195473191	3723
7.994114943	2.828093527	7.994114943	2.828093527	1.837369429	5.195473191	3539
2.828093527	1.837369429	7.994114943	7.994114943	1.837369429	7.994114943	1268
7.994114943	5.195473191	5.195473191	1.837369429	2.828093527	7.994114943	3720
7.994114943	7.994114943	5.195473191	5.195473191	1.837369429	5.195473191	4003
7.994114943	5.195473191	7.994114943	5.195473191	7.994114943	7.994114943	3824
7.994114943	5.195473191	7.994114943	7.994114943	7.994114943	1.837369429	3837
7.994114943	2.828093527	7.994114943	2.828093527	5.195473191	2.828093527	3546
7.994114943	2.828093527	7.994114943	5.195473191	5.195473191	5.195473191	3563
7.994114943	2.828093527	7.994114943	7.994114943	2.828093527	7.994114943	3576
7.994114943	5.195473191	7.994114943	7.994114943	5.195473191	7.994114943	3836
7.994114943	5.195473191	5.195473191	2.828093527	1.837369429	7.994114943	3732
7.994114943	2.828093527	7.994114943	5.195473191	2.828093527	7.994114943	3560
7.994114943	5.195473191	7.994114943	1.837369429	1.837369429	5.195473191	3779
7.994114943	2.828093527	7.994114943	2.828093527	5.195473191	1.837369429	3545
7.994114943	5.195473191	5.195473191	2.828093527	2.828093527	5.195473191	3735
7.994114943	7.994114943	5.195473191	1.837369429	7.994114943	5.195473191	3983
7.994114943	2.828093527	7.994114943	5.195473191	1.837369429	7.994114943	3556
7.994114943	7.994114943	5.195473191	2.828093527	5.195473191	2.828093527	3994
5.195473191	7.994114943	5.195473191	2.828093527	1.837369429	2.828093527	2962
7.994114943	7.994114943	5.195473191	1.837369429	5.195473191	7.994114943	3980
7.994114943	7.994114943	7.994114943	7.994114943	7.994114943	5.195473191	4095
7.994114943	5.195473191	5.195473191	1.837369429	1.837369429	7.994114943	3716
1.837369429	1.837369429	7.994114943	5.195473191	2.828093527	7.994114943	232
7.994114943	2.828093527	7.994114943	2.828093527	2.828093527	2.828093527	3542
7.994114943	5.195473191	5.195473191	1.837369429	5.195473191	2.828093527	3722
7.994114943	7.994114943	5.195473191	2.828093527	2.828093527	7.994114943	3992
5.195473191	5.195473191	7.994114943	5.195473191	5.195473191	2.828093527	2794
7.994114943	2.828093527	7.994114943	7.994114943	1.837369429	7.994114943	3572
7.994114943	7.994114943	5.195473191	5.195473191	1.837369429	2.828093527	4002
7.994114943	2.828093527	7.994114943	2.828093527	1.837369429	2.828093527	3538
7.994114943	7.994114943	5.195473191	2.828093527	5.195473191	1.837369429	3993
5.195473191	7.994114943	5.195473191	2.828093527	1.837369429	1.837369429	2961
7.994114943	2.828093527	7.994114943	2.828093527	2.828093527	1.837369429	3541
7.994114943	5.195473191	5.195473191	1.837369429	5.195473191	1.837369429	3721
7.994114943	2.828093527	7.994114943	5.195473191	5.195473191	2.828093527	3562
1.837369429	1.837369429	7.994114943	5.195473191	1.837369429	7.994114943	228
1.837369429	1.837369429	7.994114943	7.994114943	2.828093527	7.994114943	248
7.994114943	7.994114943	5.195473191	5.195473191	1.837369429	1.837369429	4001
7.994114943	2.828093527	7.994114943	2.828093527	1.837369429	1.837369429	3537
5.195473191	5.195473191	7.994114943	5.195473191	5.195473191	1.837369429	2793
7.994114943	5.195473191	5.195473191	2.828093527	2.828093527	2.828093527	3734
7.994114943	7.994114943	5.195473191	1.837369429	7.994114943	2.828093527	3982
7.994114943	7.994114943	7.994114943	7.994114943	7.994114943	2.828093527	4094
5.195473191	5.195473191	7.994114943	5.195473191	2.828093527	5.195473191	2791
7.994114943	5.195473191	5.195473191	1.837369429	2.828093527	5.195473191	3719
1.837369429	1.837369429	7.994114943	7.994114943	5.195473191	7.994114943	252
7.994114943	2.828093527	7.994114943	5.195473191	5.195473191	1.837369429	3561
5.195473191	5.195473191	7.994114943	5.195473191	1.837369429	5.195473191	2787
7.994114943	5.195473191	7.994114943	5.195473191	7.994114943	5.195473191	3823
7.994114943	5.195473191	5.195473191	2.828093527	2.828093527	1.837369429	3733
7.994114943	2.828093527	7.994114943	7.994114943	2.828093527	5.195473191	3575
7.994114943	7.994114943	5.195473191	1.837369429	7.994114943	1.837369429	3981
5.195473191	5.195473191	7.994114943	7.994114943	2.828093527	7.994114943	2808
7.994114943	2.828093527	7.994114943	5.195473191	2.828093527	5.195473191	3559
7.994114943	7.994114943	7.994114943	7.994114943	7.994114943	1.837369429	4093
7.994114943	5.195473191	7.994114943	7.994114943	5.195473191	5.195473191	3835
7.994114943	5.195473191	5.195473191	2.828093527	1.837369429	5.195473191	3731
1.837369429	1.837369429	7.994114943	5.195473191	1.837369429	5.195473191	227
7.994114943	2.828093527	7.994114943	5.195473191	1.837369429	5.195473191	3555
7.994114943	5.195473191	7.994114943	2.828093527	7.994114943	7.994114943	3808
7.994114943	7.994114943	7.994114943	5.195473191	7.994114943	7.994114943	4080
7.994114943	7.994114943	5.195473191	1.837369429	5.195473191	5.195473191	3979
7.994114943	5.195473191	5.195473191	1.837369429	1.837369429	5.195473191	3715
1.837369429	1.837369429	7.994114943	2.828093527	1.837369429	2.828093527	210
5.195473191	7.994114943	7.994114943	7.994114943	5.195473191	5.195473191	3067
7.994114943	7.994114943	7.994114943	7.994114943	5.195473191	7.994114943	4092
7.994114943	7.994114943	5.195473191	1.837369429	2.828093527	7.994114943	3976
5.195473191	5.195473191	7.994114943	7.994114943	1.837369429	7.994114943	2804
7.994114943	2.828093527	7.994114943	7.994114943	1.837369429	5.195473191	3571
1.837369429	2.828093527	7.994114943	5.195473191	1.837369429	7.994114943	484
1.837369429	1.837369429	7.994114943	5.195473191	2.828093527	5.195473191	231
7.994114943	7.994114943	5.195473191	2.828093527	2.828093527	5.195473191	3991
7.994114943	7.994114943	5.195473191	2.828093527	1.837369429	7.994114943	3988
5.195473191	7.994114943	7.994114943	5.195473191	5.195473191	7.994114943	3052
7.994114943	5.195473191	5.195473191	1.837369429	2.828093527	2.828093527	3718
7.994114943	5.195473191	7.994114943	5.195473191	7.994114943	2.828093527	3822
5.195473191	5.195473191	7.994114943	5.195473191	2.828093527	2.828093527	2790
5.195473191	5.195473191	7.994114943	5.195473191	1.837369429	2.828093527	2786
7.994114943	2.828093527	7.994114943	7.994114943	2.828093527	2.828093527	3574
7.994114943	2.828093527	7.994114943	5.195473191	2.828093527	2.828093527	3558
7.994114943	5.195473191	7.994114943	7.994114943	5.195473191	2.828093527	3834
7.994114943	5.195473191	5.195473191	1.837369429	2.828093527	1.837369429	3717
7.994114943	5.195473191	5.195473191	2.828093527	1.837369429	2.828093527	3730
7.994114943	5.195473191	7.994114943	5.195473191	5.195473191	7.994114943	3820
7.994114943	2.828093527	7.994114943	5.195473191	1.837369429	2.828093527	3554
5.195473191	5.195473191	7.994114943	5.195473191	2.828093527	1.837369429	2789
7.994114943	5.195473191	7.994114943	1.837369429	1.837369429	2.828093527	3778
5.195473191	7.994114943	7.994114943	5.195473191	1.837369429	7.994114943	3044
7.994114943	5.195473191	7.994114943	5.195473191	7.994114943	1.837369429	3821
1.837369429	1.837369429	7.994114943	2.828093527	1.837369429	1.837369429	209
1.837369429	1.837369429	7.994114943	7.994114943	5.195473191	5.195473191	251
7.994114943	7.994114943	5.195473191	1.837369429	1.837369429	7.994114943	3972
7.994114943	2.828093527	7.994114943	7.994114943	2.828093527	1.837369429	3573
7.994114943	7.994114943	5.195473191	1.837369429	5.195473191	2.828093527	3978
7.994114943	2.828093527	7.994114943	5.195473191	2.828093527	1.837369429	3557
5.195473191	5.195473191	7.994114943	5.195473191	1.837369429	1.837369429	2785
7.994114943	5.195473191	5.195473191	1.837369429	1.837369429	2.828093527	3714
7.994114943	2.828093527	7.994114943	7.994114943	1.837369429	2.828093527	3570
7.994114943	2.828093527	7.994114943	5.195473191	1.837369429	1.837369429	3553
7.994114943	5.195473191	5.195473191	2.828093527	1.837369429	1.837369429	3729
7.994114943	5.195473191	7.994114943	7.994114943	5.195473191	1.837369429	3833
5.195473191	7.994114943	7.994114943	5.195473191	2.828093527	7.994114943	3048
7.994114943	7.994114943	5.195473191	2.828093527	2.828093527	2.828093527	3990
5.195473191	5.195473191	7.994114943	7.994114943	2.828093527	5.195473191	2807
7.994114943	7.994114943	5.195473191	1.837369429	5.195473191	1.837369429	3977
7.994114943	2.828093527	7.994114943	7.994114943	1.837369429	1.837369429	3569
7.994114943	5.195473191	5.195473191	1.837369429	1.837369429	1.837369429	3713
7.994114943	5.195473191	7.994114943	1.837369429	1.837369429	1.837369429	3777
7.994114943	5.195473191	7.994114943	2.828093527	5.195473191	7.994114943	3804
7.994114943	5.195473191	7.994114943	2.828093527	7.994114943	5.195473191	3807
5.195473191	7.994114943	7.994114943	7.994114943	5.195473191	2.828093527	3066
7.994114943	7.994114943	7.994114943	5.195473191	7.994114943	5.195473191	4079
7.994114943	7.994114943	5.195473191	2.828093527	2.828093527	1.837369429	3989
7.994114943	7.994114943	7.994114943	7.994114943	5.195473191	5.195473191	4091
5.195473191	5.195473191	7.994114943	7.994114943	1.837369429	5.195473191	2803
1.837369429	1.837369429	7.994114943	7.994114943	5.195473191	2.828093527	250
7.994114943	7.994114943	5.195473191	1.837369429	2.828093527	5.195473191	3975
7.994114943	7.994114943	7.994114943	1.837369429	7.994114943	5.195473191	4047
7.994114943	7.994114943	5.195473191	2.828093527	1.837369429	5.195473191	3987
1.837369429	1.837369429	7.994114943	5.195473191	2.828093527	2.828093527	230
1.837369429	1.837369429	7.994114943	5.195473191	2.828093527	1.837369429	229
7.994114943	5.195473191	7.994114943	2.828093527	2.828093527	7.994114943	3800
2.828093527	1.837369429	7.994114943	7.994114943	1.837369429	5.195473191	1267
7.994114943	5.195473191	7.994114943	2.828093527	1.837369429	7.994114943	3796
5.195473191	7.994114943	7.994114943	5.195473191	5.195473191	5.195473191	3051
5.195473191	5.195473191	7.994114943	7.994114943	2.828093527	2.828093527	2806
5.195473191	7.994114943	7.994114943	7.994114943	5.195473191	1.837369429	3065
7.994114943	5.195473191	7.994114943	5.195473191	5.195473191	5.195473191	3819
7.994114943	5.195473191	7.994114943	7.994114943	2.828093527	7.994114943	3832
7.994114943	7.994114943	7.994114943	1.837369429	5.195473191	2.828093527	4042
7.994114943	5.195473191	7.994114943	2.828093527	7.994114943	2.828093527	3806
7.994114943	7.994114943	5.195473191	1.837369429	1.837369429	5.195473191	3971
7.994114943	7.994114943	7.994114943	5.195473191	7.994114943	2.828093527	4078
5.195473191	5.195473191	7.994114943	7.994114943	2.828093527	1.837369429	2805
7.994114943	7.994114943	7.994114943	1.837369429	2.828093527	5.195473191	4039
7.994114943	7.994114943	7.994114943	2.828093527	7.994114943	7.994114943	4064
5.195473191	5.195473191	7.994114943	7.994114943	1.837369429	2.828093527	2802
7.994114943	7.994114943	7.994114943	7.994114943	5.195473191	2.828093527	4090
7.994114943	7.994114943	7.994114943	1.837369429	1.837369429	5.195473191	4035
7.994114943	7.994114943	5.195473191	1.837369429	2.828093527	2.828093527	3974
5.195473191	7.994114943	7.994114943	5.195473191	1.837369429	5.195473191	3043
7.994114943	7.994114943	5.195473191	2.828093527	1.837369429	2.828093527	3986
7.994114943	5.195473191	7.994114943	2.828093527	7.994114943	1.837369429	3805
7.994114943	7.994114943	7.994114943	1.837369429	5.195473191	1.837369429	4041
1.837369429	1.837369429	7.994114943	7.994114943	5.195473191	1.837369429	249
5.195473191	7.994114943	7.994114943	5.195473191	2.828093527	5.195473191	3047
7.994114943	7.994114943	7.994114943	5.195473191	5.195473191	7.994114943	4076
7.994114943	7.994114943	7.994114943	5.195473191	7.994114943	1.837369429	4077
5.195473191	5.195473191	7.994114943	7.994114943	1.837369429	1.837369429	2801
7.994114943	5.195473191	7.994114943	2.828093527	5.195473191	5.195473191	3803
7.994114943	7.994114943	7.994114943	1.837369429	7.994114943	2.828093527	4046
2.828093527	1.837369429	7.994114943	7.994114943	1.837369429	2.828093527	1266
7.994114943	7.994114943	5.195473191	1.837369429	2.828093527	1.837369429	3973
7.994114943	7.994114943	7.994114943	7.994114943	5.195473191	1.837369429	4089
5.195473191	7.994114943	7.994114943	5.195473191	5.195473191	2.828093527	3050
7.994114943	7.994114943	5.195473191	2.828093527	1.837369429	1.837369429	3985
7.994114943	5.195473191	7.994114943	5.195473191	2.828093527	7.994114943	3816
7.994114943	5.195473191	7.994114943	5.195473191	5.195473191	2.828093527	3818
5.195473191	7.994114943	7.994114943	7.994114943	2.828093527	7.994114943	3064
7.994114943	7.994114943	7.994114943	1.837369429	7.994114943	1.837369429	4045
7.994114943	7.994114943	5.195473191	1.837369429	1.837369429	2.828093527	3970
2.828093527	1.837369429	7.994114943	7.994114943	1.837369429	1.837369429	1265
7.994114943	5.195473191	7.994114943	2.828093527	2.828093527	5.195473191	3799
7.994114943	5.195473191	7.994114943	5.195473191	1.837369429	7.994114943	3812
5.195473191	7.994114943	7.994114943	5.195473191	5.195473191	1.837369429	3049
5.195473191	7.994114943	7.994114943	7.994114943	1.837369429	7.994114943	3060
7.994114943	5.195473191	7.994114943	5.195473191	5.195473191	1.837369429	3817
7.994114943	5.195473191	7.994114943	2.828093527	1.837369429	5.195473191	3795
5.195473191	7.994114943	7.994114943	5.195473191	1.837369429	2.828093527	3042
7.994114943	5.195473191	7.994114943	7.994114943	1.837369429	7.994114943	3828
7.994114943	7.994114943	5.195473191	1.837369429	1.837369429	1.837369429	3969
7.994114943	5.195473191	7.994114943	2.828093527	5.195473191	2.828093527	3802
7.994114943	5.195473191	7.994114943	7.994114943	2.828093527	5.195473191	3831
1.837369429	2.828093527	7.994114943	7.994114943	1.837369429	7.994114943	500
5.195473191	7.994114943	7.994114943	5.195473191	2.828093527	2.828093527	3046
7.994114943	7.994114943	7.994114943	1.837369429	2.828093527	2.828093527	4038
1.837369429	2.828093527	7.994114943	7.994114943	2.828093527	7.994114943	504
7.994114943	7.994114943	7.994114943	2.828093527	7.994114943	5.195473191	4063
7.994114943	7.994114943	7.994114943	1.837369429	1.837369429	2.828093527	4034
7.994114943	7.994114943	7.994114943	2.828093527	5.195473191	7.994114943	4060
5.195473191	7.994114943	7.994114943	5.195473191	1.837369429	1.837369429	3041
7.994114943	5.195473191	7.994114943	2.828093527	5.195473191	1.837369429	3801
5.195473191	7.994114943	7.994114943	5.195473191	2.828093527	1.837369429	3045
7.994114943	7.994114943	7.994114943	1.837369429	2.828093527	1.837369429	4037
7.994114943	7.994114943	7.994114943	7.994114943	2.828093527	7.994114943	4088
7.994114943	5.195473191	7.994114943	2.828093527	2.828093527	2.828093527	3798
7.994114943	7.994114943	7.994114943	5.195473191	5.195473191	5.195473191	4075
7.994114943	5.195473191	7.994114943	2.828093527	1.837369429	2.828093527	3794
7.994114943	7.994114943	7.994114943	1.837369429	1.837369429	1.837369429	4033
7.994114943	5.195473191	7.994114943	5.195473191	2.828093527	5.195473191	3815
7.994114943	7.994114943	7.994114943	2.828093527	2.828093527	7.994114943	4056
7.994114943	5.195473191	7.994114943	7.994114943	2.828093527	2.828093527	3830
7.994114943	5.195473191	7.994114943	2.828093527	2.828093527	1.837369429	3797
5.195473191	7.994114943	7.994114943	7.994114943	2.828093527	5.195473191	3063
7.994114943	7.994114943	7.994114943	2.828093527	1.837369429	7.994114943	4052
7.994114943	5.195473191	7.994114943	2.828093527	1.837369429	1.837369429	3793
1.837369429	2.828093527	7.994114943	5.195473191	1.837369429	5.195473191	483
7.994114943	5.195473191	7.994114943	5.195473191	1.837369429	5.195473191	3811
7.994114943	7.994114943	7.994114943	2.828093527	7.994114943	2.828093527	4062
5.195473191	7.994114943	7.994114943	7.994114943	1.837369429	5.195473191	3059
7.994114943	5.195473191	7.994114943	7.994114943	2.828093527	1.837369429	3829
7.994114943	5.195473191	7.994114943	7.994114943	1.837369429	5.195473191	3827
7.994114943	7.994114943	7.994114943	5.195473191	5.195473191	2.828093527	4074
7.994114943	7.994114943	7.994114943	2.828093527	7.994114943	1.837369429	4061
1.837369429	2.828093527	7.994114943	7.994114943	1.837369429	5.195473191	499
7.994114943	5.195473191	7.994114943	5.195473191	2.828093527	2.828093527	3814
7.994114943	7.994114943	7.994114943	5.195473191	2.828093527	7.994114943	4072
7.994114943	7.994114943	7.994114943	2.828093527	5.195473191	5.195473191	4059
5.195473191	7.994114943	7.994114943	7.994114943	2.828093527	2.828093527	3062
7.994114943	7.994114943	7.994114943	5.195473191	5.195473191	1.837369429	4073
7.994114943	5.195473191	7.994114943	5.195473191	1.837369429	2.828093527	3810
7.994114943	5.195473191	7.994114943	5.195473191	2.828093527	1.837369429	3813
7.994114943	7.994114943	7.994114943	7.994114943	2.828093527	5.195473191	4087
5.195473191	7.994114943	7.994114943	7.994114943	1.837369429	2.828093527	3058
7.994114943	5.195473191	7.994114943	7.994114943	1.837369429	2.828093527	3826
7.994114943	7.994114943	7.994114943	5.195473191	1.837369429	7.994114943	4068
1.837369429	2.828093527	7.994114943	7.994114943	2.828093527	5.195473191	503
5.195473191	7.994114943	7.994114943	7.994114943	2.828093527	1.837369429	3061
7.994114943	7.994114943	7.994114943	7.994114943	1.837369429	7.994114943	4084
7.994114943	5.195473191	7.994114943	5.195473191	1.837369429	1.837369429	3809
7.994114943	7.994114943	7.994114943	2.828093527	2.828093527	5.195473191	4055
1.837369429	2.828093527	7.994114943	5.195473191	2.828093527	2.828093527	486
5.195473191	7.994114943	7.994114943	7.994114943	1.837369429	1.837369429	3057
7.994114943	5.195473191	7.994114943	7.994114943	1.837369429	1.837369429	3825
7.994114943	7.994114943	7.994114943	2.828093527	1.837369429	5.195473191	4051
1.837369429	2.828093527	7.994114943	5.195473191	1.837369429	2.828093527	482
7.994114943	7.994114943	7.994114943	2.828093527	5.195473191	2.828093527	4058
7.994114943	7.994114943	7.994114943	7.994114943	2.828093527	2.828093527	4086
7.994114943	7.994114943	7.994114943	2.828093527	5.195473191	1.837369429	4057
1.837369429	2.828093527	7.994114943	5.195473191	1.837369429	1.837369429	481
1.837369429	2.828093527	7.994114943	5.195473191	2.828093527	1.837369429	485
1.837369429	2.828093527	7.994114943	7.994114943	2.828093527	2.828093527	502
7.994114943	7.994114943	7.994114943	5.195473191	2.828093527	5.195473191	4071
1.837369429	2.828093527	7.994114943	7.994114943	5.195473191	1.837369429	505
7.994114943	7.994114943	7.994114943	2.828093527	2.828093527	2.828093527	4054
7.994114943	7.994114943	7.994114943	7.994114943	2.828093527	1.837369429	4085
7.994114943	7.994114943	7.994114943	2.828093527	1.837369429	2.828093527	4050
1.837369429	2.828093527	7.994114943	7.994114943	2.828093527	1.837369429	501
7.994114943	7.994114943	7.994114943	5.195473191	1.837369429	5.195473191	4067
7.994114943	7.994114943	7.994114943	2.828093527	2.828093527	1.837369429	4053
7.994114943	7.994114943	7.994114943	7.994114943	1.837369429	5.195473191	4083
7.994114943	7.994114943	7.994114943	2.828093527	1.837369429	1.837369429	4049
7.994114943	7.994114943	7.994114943	5.195473191	2.828093527	2.828093527	4070
7.994114943	7.994114943	7.994114943	5.195473191	2.828093527	1.837369429	4069
7.994114943	7.994114943	7.994114943	5.195473191	1.837369429	2.828093527	4066
7.994114943	7.994114943	7.994114943	7.994114943	1.837369429	2.828093527	4082
1.837369429	5.195473191	7.994114943	7.994114943	1.837369429	5.195473191	755
7.994114943	7.994114943	7.994114943	5.195473191	1.837369429	1.837369429	4065
7.994114943	7.994114943	7.994114943	7.994114943	1.837369429	1.837369429	4081
1.837369429	5.195473191	7.994114943	7.994114943	1.837369429	2.828093527	754
1.837369429	5.195473191	7.994114943	7.994114943	1.837369429	1.837369429	753