10.6833	0	11.95	0	3129
11.0767	0	12.9167	0	3112
11.02	0	12.6767	0	3136
10.9033	0	12.2267	0	3388
10.9133	0	12.5267	0	3111
10.8633	0	12.3367	0	3135
10.7533	0	11.96	0	3387
10.7333	0	12.06	0	3134
10.7767	0	12.21	0	3110
10.6833	0	11.95	0	3133
10.7233	0	12.0833	0	3109
10.64	0	11.75	0	3386
10.6	0	11.67	0	3385
11.0533	0	13.1333	0	3079
11.1733	0	13.34	0	3092
11.2533	0	13.7267	0	3076
10.9033	0	12.2267	0	3392
11.0767	0	12.9167	0	3116
10.8033	0	11.8933	0	3620
10.95	0	12.41	0	3368
10.7533	0	11.96	0	3391
10.99	0	12.85	0	3091
10.9133	0	12.5267	0	3115
11.0767	0	12.92	0	3120
10.89	0	12.66	0	3078
11.1733	0	13.34	0	3096
10.7967	0	12.11	0	3367
11.0533	0	13.1333	0	3075
10.6567	0	11.6667	0	3619
10.64	0	11.75	0	3390
11.1733	0	13.3433	0	3104
10.6	0	11.67	0	3389
10.7767	0	12.21	0	3114
10.7767	0	12.2167	0	3238
10.8233	0	12.4733	0	3077
10.84	0	12.4567	0	3090
10.9133	0	12.53	0	3119
11.1733	0	13.3433	0	3100
10.6767	0	11.8733	0	3366
10.7233	0	12.0833	0	3113
10.99	0	12.8567	0	3155
10.56	0	11.5033	0	3618
10.78	0	12.2967	0	3089
10.76	0	11.76	0	3644
10.6333	0	11.78	0	3365
10.99	0	12.8533	0	3095
10.89	0	12.66	0	3074
10.5267	0	11.4433	0	3617
10.7767	0	12.21	0	3118
10.99	0	12.8533	0	3103
10.7233	0	12.0833	0	3117
10.8233	0	12.4733	0	3073
10.99	0	12.8533	0	3099
10.62	0	11.5533	0	3643
10.66	0	11.6733	0	3815
10.84	0	12.4567	0	3094
10.5433	0	11.3333	0	2939
10.84	0	12.4567	0	3102
10.78	0	12.2967	0	3093
10.9533	0	12.41	0	3372
10.6567	0	11.67	0	3751
10.53	0	11.41	0	3642
10.78	0	12.2967	0	3101
10.84	0	12.4567	0	3098
10.5	0	11.3567	0	3641
11.03	0	12.7267	0	3348
10.84	0	12.46	0	3154
10.78	0	12.2967	0	3097
10.71	0	11.6167	0	3876
10.7967	0	12.11	0	3371
10.9533	0	12.41	0	3376
10.5433	0	11.3367	0	4091
10.78	0	12.3	0	3153
10.76	0	11.76	0	3648
10.7233	0	12.09	0	3237
10.8667	0	12.3667	0	3347
10.6767	0	11.8733	0	3370
11.0933	0	13.01	0	3332
10.5733	0	11.4267	0	3875
10.6333	0	11.78	0	3369
10.7967	0	12.11	0	3375
10.67	0	11.5067	0	3900
11.03	0	12.7267	0	3352
11.0933	0	13.01	0	3336
10.8033	0	11.8933	0	3624
10.62	0	11.5533	0	3647
10.7333	0	12.0733	0	3346
10.4933	0	11.3	0	3874
10.6767	0	11.8733	0	3374
10.4667	0	11.2567	0	3873
11.0233	0	12.68	0	3188
10.6833	0	11.96	0	3345
10.62	0	11.5533	0	2679
10.53	0	11.41	0	3646
10.6333	0	11.78	0	3373
10.5433	0	11.3333	0	3899
10.92	0	12.5833	0	3331
10.6567	0	11.6667	0	3623
10.8667	0	12.3667	0	3351
11.03	0	12.7267	0	3356
10.5	0	11.3567	0	3645
11.08	0	12.9233	0	3172
10.8	0	12.1167	0	3495
11.03	0	12.7267	0	3360
11.08	0	12.9233	0	3176
10.92	0	12.5833	0	3335
10.47	0	11.2233	0	3898
11.0233	0	12.6833	0	3200
10.8033	0	11.8933	0	2668
11.08	0	12.9233	0	3184
10.4433	0	11.1833	0	3897
10.56	0	11.5033	0	3622
10.8633	0	12.34	0	3187
10.9167	0	12.55	0	3299
11.08	0	12.9233	0	3180
10.7333	0	12.0733	0	3350
10.5267	0	11.4433	0	3621
11.0233	0	12.68	0	3192
10.78	0	12.2433	0	3330
10.76	0	11.76	0	2676
10.8667	0	12.3667	0	3355
11.0233	0	12.68	0	3196
10.6833	0	11.96	0	3349
10.8667	0	12.3667	0	3359
10.5	0	11.36	0	2801
10.78	0	12.2433	0	3334
10.9133	0	12.53	0	3171
10.53	0	11.41	0	2678
10.7233	0	12.1067	0	3329
10.9133	0	12.53	0	3175
10.47	0	11.2233	0	2938
10.7333	0	12.06	0	3186
10.8633	0	12.34	0	3199
11.08	0	12.9333	0	3236
10.9133	0	12.5333	0	3183
10.7233	0	12.1067	0	3333
10.6733	0	11.5067	0	3904
10.9133	0	12.5333	0	3179
10.6833	0	11.95	0	3185
10.5	0	11.3567	0	2677
10.7333	0	12.0733	0	3354
10.6567	0	11.6667	0	2667
10.8633	0	12.34	0	3191
10.7333	0	12.0767	0	3358
10.4433	0	11.1833	0	2937
10.8633	0	12.34	0	3195
10.6833	0	11.96	0	3353
10.7333	0	12.0633	0	3198
10.7767	0	12.2133	0	3174
10.7767	0	12.2133	0	3170
10.6833	0	11.96	0	3357
10.8033	0	11.8933	0	3628
10.7767	0	12.2133	0	3182
10.6867	0	11.95	0	3197
10.7767	0	12.2133	0	3178
10.7233	0	12.0833	0	3173
10.71	0	11.6167	0	3880
10.5433	0	11.3333	0	3903
10.7233	0	12.0833	0	3169
10.7333	0	12.06	0	3190
10.56	0	11.5067	0	2666
10.7233	0	12.0867	0	3181
10.62	0	11.5533	0	2675
10.7333	0	12.06	0	3194
10.71	0	11.62	0	2928
10.7233	0	12.0833	0	3177
10.6833	0	11.95	0	3189
10.5267	0	11.4433	0	2665
10.6867	0	11.95	0	3193
10.47	0	11.2233	0	3902
10.8667	0	12.1167	0	3604
10.6567	0	11.6667	0	3627
10.47	0	11.2233	0	3058
10.4433	0	11.1833	0	3901
11.03	0	12.73	0	3416
10.5767	0	11.43	0	4071
10.5733	0	11.4267	0	3879
10.8033	0	11.8933	0	3632
10.53	0	11.41	0	2674
10.56	0	11.5033	0	3626
10.5267	0	11.4433	0	3625
11.03	0	12.73	0	3412
10.5	0	11.3567	0	2673
10.9033	0	12.23	0	3456
10.9167	0	12.54	0	3235
10.7167	0	11.8567	0	3603
10.4933	0	11.3	0	3878
11.0233	0	12.69	0	3260
11.0267	24.0067	12.7	25.5233	244
10.4667	0	11.2567	0	3877
10.8667	23.9633	12.3533	25.5033	243
10.6567	0	11.6667	0	3631
10.4433	0	11.1833	0	3057
10.8667	0	12.3667	0	3415
10.9033	0	12.23	0	3452
10.9033	0	12.23	0	3444
10.8667	0	12.1167	0	3608
11.0267	0	12.7	0	3320
10.5733	0	11.4267	0	2927
10.7133	0	11.62	0	4008
10.6067	0	11.66	0	3602
10.92	0	12.3133	0	3588
10.9533	0	12.4133	0	3428
10.9533	0	12.4133	0	3440
10.7533	0	11.96	0	3455
10.9033	0	12.23	0	3448
10.56	0	11.5033	0	3630
10.78	0	12.2267	0	3298
10.57	0	11.5833	0	3601
10.5267	0	11.4433	0	3629
10.8667	0	12.3667	0	3411
10.7367	23.76	12.07	24.9967	242
10.9533	0	12.4133	0	3432
10.9533	0	12.4133	0	3436
10.7533	0	11.96	0	3451
10.67	0	11.5067	0	2936
10.7533	0	11.96	0	3443
10.7167	0	11.8567	0	3607
10.7333	0	12.0767	0	3414
10.64	0	11.75	0	3454
10.92	0	12.3133	0	3592
10.8667	0	12.3467	0	3259
10.4933	0	11.3033	0	2926
10.7767	0	12.2167	0	3234
10.6	0	11.67	0	3453
10.7967	0	12.1133	0	3439
10.7533	0	11.96	0	3447
10.71	0	11.6167	0	3884
10.7967	0	12.1133	0	3427
10.7633	0	12.0167	0	3587
10.8667	0	12.1167	0	3612
10.6833	0	11.96	0	3413
10.9567	0	12.4267	0	3556
10.4667	0	11.2567	0	2925
10.7333	0	12.0767	0	3410
10.64	0	11.75	0	3450
10.7267	0	12.0967	0	3297
10.7967	0	12.1133	0	3431
10.64	0	11.75	0	3442
10.6067	0	11.66	0	3606
11.0233	0	12.69	0	3256
10.7967	0	12.1133	0	3435
11.0233	0	12.69	0	3252
10.6	0	11.67	0	3449
10.71	0	11.62	0	2924
10.68	0	11.8833	0	3558
10.53	0	11.4133	0	3834
10.7233	0	12.09	0	3233
10.6833	0	11.96	0	3409
10.87	0	12.1167	0	3616
10.6	0	11.67	0	3441
10.57	0	11.5833	0	3605
10.6767	0	11.8733	0	3438
10.64	0	11.75	0	3446
10.6867	23.4167	11.96	24.5567	241
10.6767	0	11.8767	0	3494
10.7633	0	12.0167	0	3591
10.6767	0	11.8733	0	3426
10.6467	0	11.7867	0	3586
10.77	0	11.8	0	3860
10.5433	0	11.3333	0	2935
10.5733	0	11.4267	0	3883
10.6333	0	11.7833	0	3437
10.6	0	11.67	0	3445
10.7367	0	12.0667	0	3258
10.6867	23.37	11.96	24.5167	245
10.7167	0	11.8567	0	3611
10.6767	0	11.8733	0	3430
10.6767	0	11.8733	0	3434
10.6333	0	11.78	0	3425
10.6033	0	11.7	0	3585
10.8667	0	12.3533	0	3319
10.67	0	11.5067	0	2932
10.71	0	11.62	0	3888
10.6867	0	11.9567	0	3257
10.6333	0	11.78	0	3429
10.6333	0	11.78	0	3433
10.4933	0	11.3033	0	3882
10.7167	0	11.8567	0	3615
10.5733	0	11.4267	0	2923
11.0267	0	12.7	0	3316
10.8667	0	12.3467	0	3255
10.4667	0	11.2567	0	3881
10.6467	0	11.7867	0	3590
10.6067	0	11.66	0	3610
10.4667	0	11.2233	0	2934
10.6333	0	11.7833	0	3493
10.5	0	11.36	0	3833
10.6267	0	11.5833	0	3859
10.57	0	11.5867	0	3609
10.6033	0	11.7	0	3589
10.8667	0	12.3467	0	3251
10.4433	0	11.1833	0	2933
10.6067	0	11.66	0	3614
10.4933	0	11.3033	0	2922
10.5733	0	11.4267	0	3887
10.57	0	11.5867	0	3613
10.4667	0	11.2567	0	2921
10.5433	0	11.3333	0	2931
10.7367	0	12.0667	0	3254
10.5333	0	11.43	0	3858
10.77	0	11.8033	0	3864
10.5033	0	11.3767	0	3857
10.4933	0	11.3033	0	3886
10.82	0	11.96	0	3844
10.6867	0	11.9533	0	3253
10.6333	0	11.7867	0	3557
10.4667	0	11.2567	0	3885
10.7367	0	12.0733	0	3318
10.7367	0	12.0667	0	3250
10.4667	0	11.2233	0	2930
10.76	0	11.7633	0	3712
10.4433	0	11.1833	0	2929
10.6267	0	11.5833	0	3863
10.8667	0	12.3533	0	3315
10.6867	0	11.9533	0	3249
10.6867	0	11.96	0	3317
10.76	0	11.76	0	3708
10.82	0	11.96	0	3848
10.76	0	11.76	0	3700
10.76	0	11.76	0	3704
10.6667	0	11.7167	0	3843
10.7733	0	11.8033	0	3868
10.5333	0	11.43	0	3862
10.62	0	11.5533	0	3711
10.56	0	11.5067	0	3750
10.5033	0	11.3767	0	3861
10.62	0	11.5533	0	3707
10.87	0	12.12	0	3672
10.9533	0	12.42	0	3492
10.8033	0	11.8967	0	3696
10.8033	0	11.8933	0	3684
10.5667	0	11.54	0	3842
10.53	0	11.41	0	3710
10.62	0	11.5533	0	3699
10.5433	0	11.3367	0	4031
10.62	0	11.5533	0	3703
10.6667	0	11.7167	0	3847
10.7733	0	11.8033	0	3872
10.5	0	11.3567	0	3709
10.8033	0	11.8933	0	3692
10.7367	0	12.07	0	3314
10.5333	0	11.4733	0	3841
10.5767	0	11.43	0	4007
10.87	0	12.12	0	3668
10.8	0	12.1233	0	3555
10.6267	0	11.5833	0	3867
10.8033	0	11.8933	0	3688
10.53	0	11.41	0	3706
10.5	0	11.3567	0	3705
10.53	0	11.41	0	3698
10.53	0	11.41	0	3702
10.6867	0	11.96	0	3313
10.6567	0	11.67	0	3695
10.5	0	11.3567	0	3697
10.5667	0	11.54	0	3846
10.5	0	11.3567	0	3701
10.7167	0	11.8567	0	3671
10.6567	0	11.6667	0	3683
10.5333	0	11.43	0	3866
10.6267	0	11.5833	0	3871
10.47	0	11.2233	0	4090
10.5333	0	11.4733	0	3845
10.6567	0	11.67	0	3691
10.5033	0	11.3767	0	3865
10.6567	0	11.6667	0	3687
10.7167	0	11.8567	0	3667
10.56	0	11.5067	0	3694
10.9067	0	12.2333	0	3516
10.8	0	12.1167	0	3491
10.56	0	11.5033	0	3682
10.47	0	11.2233	0	4030
10.5333	0	11.43	0	3870
10.5267	0	11.4467	0	3693
10.6067	0	11.66	0	3670
10.56	0	11.5067	0	3690
10.5267	0	11.4467	0	3749
10.5267	0	11.4433	0	3681
10.5033	0	11.3767	0	3869
10.56	0	11.5033	0	3686
10.5267	0	11.4433	0	3689
10.57	0	11.5867	0	3669
10.4433	0	11.1833	0	4029
10.5267	0	11.4433	0	3685
10.6067	0	11.66	0	3666
10.4433	0	11.1867	0	4089
10.6733	0	11.5067	0	3968
10.56	0	11.51	0	3814
10.67	0	11.5067	0	3956
10.6733	0	11.5067	0	3964
10.57	0	11.5867	0	3665
10.6733	0	11.5067	0	3960
10.7533	0	11.9633	0	3515
10.68	0	11.8833	0	3554
10.6767	0	11.8767	0	3490
10.9067	0	12.2333	0	3508
10.5433	0	11.3333	0	3967
10.6333	0	11.7833	0	3489
10.5433	0	11.3333	0	3955
10.5433	0	11.3333	0	3963
10.6333	0	11.7867	0	3553
10.5433	0	11.3333	0	3959
10.4933	0	11.3033	0	4006
10.64	0	11.7533	0	3514
10.71	0	11.62	0	3940
10.47	0	11.2233	0	3966
10.8067	0	11.9	0	3812
10.4433	0	11.1833	0	3965
10.7733	0	11.8033	0	3928
10.7133	0	11.62	0	3952
10.4667	0	11.2233	0	3954
10.47	0	11.2233	0	3962
10.9067	0	12.24	0	3576
10.6	0	11.6733	0	3513
10.47	0	11.2233	0	3958
10.71	0	11.62	0	3944
10.71	0	11.62	0	3948
10.4433	0	11.1833	0	3961
10.4433	0	11.1833	0	3953
10.7533	0	11.9633	0	3507
10.4433	0	11.1833	0	3957
10.7733	0	11.8033	0	3924
10.8033	0	11.8967	0	3756
10.5267	0	11.4467	0	3813
10.4667	0	11.2567	0	4005
10.5733	0	11.4267	0	3939
10.9067	0	12.2333	0	3512
10.5733	0	11.4267	0	3951
10.4933	0	11.3033	0	4070
10.6267	0	11.5833	0	3927
10.5733	0	11.4267	0	3943
10.5733	0	11.4267	0	3947
10.64	0	11.7533	0	3506
10.4933	0	11.3033	0	3938
10.6267	0	11.5833	0	3923
10.4933	0	11.3033	0	3950
10.4667	0	11.2567	0	3937
10.6	0	11.6733	0	3505
10.4667	0	11.2567	0	3949
10.4933	0	11.3033	0	3942
10.4933	0	11.3033	0	3946
10.7567	0	11.97	0	3575
10.7533	0	11.9633	0	3511
10.5333	0	11.4333	0	3926
10.4667	0	11.2567	0	3945
10.4667	0	11.2567	0	3941
10.5033	0	11.3767	0	3925
10.5333	0	11.4333	0	3922
10.9067	0	12.24	0	3572
10.6567	0	11.67	0	3755
10.5033	0	11.3767	0	3921
10.64	0	11.7533	0	3510
10.4667	0	11.26	0	4069
10.6	0	11.6733	0	3509
10.6433	0	11.7567	0	3574
10.7133	0	11.6233	0	4068
10.66	0	11.6733	0	3811
10.56	0	11.5067	0	3754
10.6	0	11.6767	0	3573
10.7567	0	11.97	0	3571
10.8033	0	11.8967	0	3748
10.5267	0	11.4467	0	3753
10.6433	0	11.7567	0	3570
10.7633	0	11.7633	0	3772
10.6433	20.2833	11.7567	21.2633	498
10.6	0	11.6767	0	3569
10.6567	0	11.67	0	3747
10.7133	0	11.62	0	4012
10.56	0	11.51	0	3810
10.6	20.1	11.6767	21.0533	497
10.62	0	11.5567	0	3771
10.5267	0	11.4467	0	3809
10.56	0	11.5067	0	3746
10.5767	0	11.43	0	4067
10.76	0	11.7633	0	3764
10.5267	0	11.4467	0	3745
10.53	0	11.4133	0	3770
10.5767	0	11.43	0	4011
10.5	0	11.36	0	3769
10.62	0	11.5567	0	3763
10.7133	0	11.62	0	4004
10.4933	0	11.3033	0	4010
10.4667	0	11.2567	0	4009
10.53	0	11.4133	0	3762
10.4933	0	11.3033	0	4066
10.7633	0	11.7667	0	3832
11.0267	19.5533	12.7	20.8867	1268
10.7633	0	11.7633	0	3768
10.5	0	11.36	0	3761
10.6733	0	11.51	0	4028
10.4667	0	11.26	0	4065
10.5767	0	11.43	0	4003
10.7633	0	11.7667	0	3828
10.62	0	11.5567	0	3767
10.5433	0	11.3367	0	4027
10.62	0	11.56	0	3831
10.4933	0	11.3033	0	4002
11.0833	19.0633	12.9467	20.6767	232
10.53	0	11.4133	0	3766
10.6733	0	11.51	0	4020
10.5	0	11.36	0	3765
10.4667	0	11.2567	0	4001
10.47	0	11.2233	0	4026
10.62	0	11.5567	0	3827
10.4433	0	11.1833	0	4025
10.53	0	11.4133	0	3830
11.0267	18.8733	12.7	20.4933	248
11.0833	18.86	12.9467	20.5967	228
10.9167	18.8567	12.55	20.3967	227
10.6733	0	11.51	0	4084
10.8467	18.93	12.4767	20.1733	210
10.5	0	11.36	0	3829
10.5433	0	11.3367	0	4019
10.53	0	11.4133	0	3826
11.0267	18.7633	12.7	20.33	252
10.9167	18.7667	12.55	20.2467	231
10.5	0	11.36	0	3825
10.47	0	11.2233	0	4018
10.4433	0	11.1833	0	4017
10.7833	18.7367	12.3133	19.9767	209
10.6733	0	11.51	0	4088
10.6733	0	11.51	0	4024
10.5433	0	11.3367	0	4083
10.8667	18.54	12.3533	19.9567	251
10.9567	18.6067	12.4267	19.33	484
10.5433	0	11.3367	0	4023
10.47	0	11.2233	0	4082
10.5433	0	11.3367	0	4087
10.7367	18.3567	12.07	19.64	250
10.4433	0	11.1833	0	4081
10.7267	18.3067	12.0967	19.6067	229
10.78	18.27	12.2267	19.6233	230
10.47	0	11.2233	0	4022
10.4433	0	11.1833	0	4021
10.47	0	11.2233	0	4086
10.8667	18.1433	12.3533	19.57	1267
10.4433	0	11.1833	0	4085
10.6867	17.9533	11.96	19.17	249
10.7367	17.91	12.07	19.2	1266
10.6867	17.8	11.96	19.03	1265
10.9067	17.1667	12.24	18.4533	500
10.9067	17.1167	12.24	18.3767	504
10.8	17.08	12.1233	18.2933	483
10.7567	16.9167	11.97	18.09	499
10.7567	16.7167	11.97	17.8833	503
10.68	16.7367	11.8833	17.8167	486
10.68	16.6867	11.8833	17.8167	482
10.6333	16.5933	11.7867	17.68	481
10.6333	16.5767	11.7867	17.64	485
10.6433	16.5267	11.7567	17.6033	502
10.6	16.4967	11.6767	17.4833	505
10.6	16.43	11.6767	17.4667	501
10.62	15.8533	11.5567	16.72	755
10.53	15.6167	11.4133	16.4433	754
10.5	15.4567	11.36	16.2667	753
