10.85	0	13.1933	0	3128
10.7633	0	12.8267	0	3364
10.7633	0	12.85	0	3127
10.6933	0	12.57	0	3126
10.6667	0	12.4533	0	3125
10.7033	0	12.58	0	3380
10.6433	0	12.3533	0	3379
10.85	0	13.1933	0	3132
10.6933	0	12.5533	0	3363
10.5967	0	12.1667	0	3378
10.5767	0	12.09	0	3377
10.7633	0	12.8533	0	3131
10.6333	0	12.3267	0	3362
10.6933	0	12.57	0	3130
10.6667	0	12.4567	0	3129
10.61	0	12.2367	0	3361
10.8267	0	13.1267	0	3235
10.5533	0	11.9667	0	3644
10.7033	0	12.58	0	3384
10.6967	0	12.5933	0	3346
10.5167	0	11.84	0	3643
10.6433	0	12.3533	0	3383
10.4867	0	11.7333	0	3642
10.4733	0	11.6867	0	3641
10.5967	0	12.1667	0	3382
10.5767	0	12.09	0	3381
10.6667	0	12.4733	0	3345
10.85	0	13.1967	0	3192
10.6967	0	12.58	0	3254
10.5533	0	11.9667	0	3636
10.5533	0	11.9667	0	3648
10.4733	0	11.6567	0	2880
10.5167	0	11.84	0	3635
10.4467	0	11.5667	0	2879
10.7667	0	12.8533	0	3191
10.5167	0	11.84	0	3647
10.6667	0	12.4633	0	3253
10.4867	0	11.73	0	3634
10.4267	0	11.4933	0	2878
10.4167	0	11.4633	0	2877
10.4733	0	11.6867	0	3633
10.4867	0	11.7333	0	3646
10.4733	0	11.6867	0	3645
10.5933	0	12.1367	0	3620
10.5533	0	11.9833	0	3631
10.6933	0	12.5733	0	3190
10.85	0	13.1967	0	3188
10.55	0	11.9833	0	3619
10.5533	0	11.9667	0	3640
10.6667	0	12.4567	0	3189
10.7633	0	12.8367	0	3492
10.5167	0	11.84	0	3639
10.5167	0	11.8533	0	3618
10.4867	0	11.73	0	3638
10.4733	0	11.6867	0	3637
10.5	0	11.8	0	3617
10.5167	0	11.8533	0	3630
10.7667	0	12.8533	0	3187
10.4733	0	11.6567	0	3900
10.4267	0	11.4933	0	3962
10.7433	0	12.78	0	3234
10.5	0	11.8	0	3629
10.6467	0	12.36	0	3511
10.4467	0	11.5667	0	3899
10.7467	0	12.79	0	3298
10.4767	0	11.6833	0	3879
10.4267	0	11.4933	0	3898
10.4167	0	11.4633	0	3897
10.77	0	12.8733	0	3319
10.6933	0	12.5733	0	3186
10.4167	0	11.4633	0	3961
10.6667	0	12.4567	0	3185
10.8533	0	13.21	0	3252
10.4733	0	11.6567	0	3892
10.71	0	12.64	0	3233
10.5167	0	11.8567	0	3750
10.4467	0	11.5667	0	3891
10.7633	0	12.83	0	3428
10.4267	0	11.4933	0	3890
10.4167	0	11.4633	0	3889
10.7633	0	12.83	0	3432
10.45	0	11.5933	0	3878
10.6967	0	12.57	0	3555
10.44	0	11.5567	0	3877
10.5067	0	11.79	0	3876
10.71	0	12.65	0	3297
10.6933	0	12.5567	0	3427
10.5967	0	12.1733	0	3510
10.4733	0	11.6567	0	3904
10.7033	0	12.58	0	3448
10.6933	0	12.5567	0	3431
10.4767	0	11.6833	0	3875
10.4467	0	11.5667	0	3903
10.6633	0	12.4333	0	3604
10.4267	0	11.4933	0	3902
10.4167	0	11.4633	0	3901
10.5533	0	11.97	0	3768
10.45	0	11.5933	0	3874
10.5033	0	11.8033	0	3749
10.7667	0	12.8633	0	3251
10.44	0	11.5567	0	3873
10.6367	0	12.33	0	3426
10.6133	0	12.2467	0	3557
10.5767	0	12.0933	0	3509
10.6467	0	12.3533	0	3447
10.61	0	12.2367	0	3425
10.6367	0	12.33	0	3430
10.61	0	12.2233	0	3603
10.6967	0	12.5867	0	3318
10.61	0	12.2367	0	3429
10.5967	0	12.1667	0	3446
10.5767	0	12.09	0	3445
10.5667	0	12.0533	0	3602
10.5467	0	11.9833	0	3601
10.67	0	12.47	0	3317
10.6967	0	12.58	0	3250
10.6933	0	12.56	0	3491
10.7033	0	12.58	0	3444
10.6667	0	12.4633	0	3249
10.8567	0	13.2233	0	3316
10.45	0	11.5967	0	4006
10.6467	0	12.3533	0	3443
10.5967	0	12.1667	0	3442
10.5767	0	12.09	0	3441
10.5167	0	11.8433	0	3767
10.7067	0	12.5933	0	3576
10.44	0	11.56	0	4005
10.4733	0	11.66	0	4024
10.6367	0	12.3333	0	3490
10.5633	0	12.02	0	3860
10.7067	0	12.5867	0	3508
10.4867	0	11.7333	0	3766
10.77	0	12.8733	0	3315
10.6133	0	12.24	0	3489
10.5233	0	11.88	0	3859
10.7067	0	12.5867	0	3516
10.4733	0	11.69	0	3765
10.6367	0	12.34	0	3554
10.49	0	11.7633	0	3858
10.5533	0	11.97	0	3704
10.4767	0	11.7133	0	3857
10.77	23.8633	12.8733	26.0167	243
10.5167	0	11.84	0	3703
10.8567	23.7667	13.2233	26.0467	244
10.6467	0	12.36	0	3507
10.4467	0	11.57	0	4023
10.5967	0	12.1433	0	3748
10.6467	0	12.36	0	3515
10.5933	0	12.14	0	3688
10.4867	0	11.7333	0	3702
10.6967	0	12.5867	0	3314
10.6967	23.66	12.5867	25.5133	242
10.4733	0	11.6867	0	3701
10.6133	0	12.2467	0	3553
10.6467	0	12.3667	0	3575
10.5533	0	11.9833	0	3687
10.67	0	12.4667	0	3313
10.5967	0	12.1733	0	3514
10.5967	0	12.17	0	3506
10.5533	0	11.99	0	3811
10.5167	0	11.8533	0	3686
10.4267	0	11.4933	0	4022
10.5767	0	12.0933	0	3513
10.5767	0	12.0933	0	3505
10.5033	0	11.8	0	3685
10.67	23.3233	12.4667	25.07	241
10.5933	0	12.14	0	3684
10.5533	0	11.97	0	3700
10.5167	0	11.86	0	3814
10.4167	0	11.4633	0	4021
10.67	23.28	12.4667	25.02	245
10.5167	0	11.84	0	3699
10.5533	0	11.9833	0	3683
10.5967	0	12.1767	0	3574
10.4867	0	11.7333	0	3698
10.5167	0	11.8533	0	3682
10.4733	0	11.6867	0	3697
10.5033	0	11.8	0	3681
10.5533	0	11.9867	0	3747
10.5767	0	12.0967	0	3573
10.4733	0	11.6567	0	3960
10.5033	0	11.8067	0	3813
10.4467	0	11.5667	0	3959
10.4267	0	11.4933	0	3958
10.5067	0	11.7933	0	4004
10.4167	0	11.4633	0	3957
10.5167	0	11.8567	0	3746
10.5067	0	11.79	0	3944
10.5533	0	11.97	0	3764
10.4767	0	11.6867	0	4067
10.5167	0	11.86	0	3810
10.4767	0	11.6833	0	3943
10.5033	0	11.8033	0	3745
10.7067	0	12.5933	0	3572
10.45	0	11.5967	0	3942
10.4733	0	11.6567	0	3956
10.44	0	11.5567	0	3941
10.45	0	11.5967	0	4070
10.4467	0	11.5667	0	3955
10.5033	0	11.8067	0	3809
10.5533	0	11.9733	0	3832
10.5167	0	11.8433	0	3763
10.4267	0	11.4933	0	3954
10.5067	0	11.79	0	3940
10.4167	0	11.4633	0	3953
10.4767	0	11.6867	0	4003
10.4767	0	11.6833	0	3939
10.44	0	11.56	0	4069
10.45	0	11.5933	0	3938
10.6467	0	12.3667	0	3571
10.44	0	11.5567	0	3937
10.4867	0	11.7333	0	3762
10.4733	0	11.69	0	3761
10.45	0	11.5967	0	4002
10.5533	0	11.97	0	3772
10.45	0	11.5967	0	4066
10.5967	0	12.1767	0	3570
10.5167	0	11.8433	0	3831
10.44	0	11.56	0	4001
10.4733	0	11.66	0	4020
10.5767	0	12.0967	0	3569
10.5167	0	11.8433	0	3771
10.44	0	11.56	0	4065
10.4867	0	11.7333	0	3770
10.4733	0	11.69	0	3769
10.4467	0	11.57	0	4019
10.4867	0	11.7367	0	3830
10.4733	0	11.66	0	4088
10.4733	0	11.69	0	3829
10.4267	0	11.4933	0	4018
10.4167	0	11.4633	0	4017
10.5533	0	11.9733	0	3828
10.4467	0	11.57	0	4087
10.4733	0	11.66	0	4028
10.4467	0	11.57	0	4027
10.5167	0	11.8433	0	3827
10.4267	0	11.4967	0	4086
10.4267	0	11.4933	0	4026
10.4167	0	11.4633	0	4085
10.4167	0	11.4633	0	4025
10.4733	0	11.66	0	4084
10.4867	0	11.7367	0	3826
10.4733	0	11.69	0	3825
10.4467	0	11.57	0	4083
10.5967	20.1733	12.1767	21.68	498
10.4267	0	11.4967	0	4082
10.4167	0	11.4633	0	4081
10.5767	20.0167	12.0967	21.4767	497
10.8567	19.25	13.2233	21.38	1268
10.9333	18.8233	13.5667	21.2767	232
10.83	18.7267	13.14	20.9833	227
10.8233	18.75	13.13	20.8	210
10.8567	18.6767	13.2233	21.0167	248
10.9333	18.6567	13.5667	21.2133	228
10.83	18.6167	13.14	20.8333	231
10.7767	18.6133	12.9433	20.59	209
10.8567	18.5467	13.2233	20.85	252
10.77	18.41	12.8733	20.4767	251
10.6967	18.2967	12.5867	20.15	250
10.71	18.26	12.6467	20.1533	229
10.7467	18.1933	12.79	20.1867	230
10.77	18.0167	12.8733	20.09	1267
10.7667	18.0767	12.8467	19.66	484
10.67	17.8967	12.4667	19.68	249
10.6967	17.8467	12.5867	19.7167	1266
10.67	17.7567	12.4667	19.54	1265
10.7067	16.9433	12.5933	18.8067	500
10.6967	16.9333	12.57	18.7367	483
10.7067	16.8867	12.5933	18.73	504
10.6467	16.7867	12.3633	18.4867	499
10.6367	16.6433	12.34	18.27	486
10.6367	16.61	12.34	18.2733	482
10.6467	16.5867	12.3633	18.28	503
10.6133	16.5367	12.2467	18.1367	481
10.6133	16.5167	12.2467	18.0967	485
10.5967	16.4633	12.1767	18.0233	502
10.5767	16.4233	12.0967	17.91	505
10.5767	16.3867	12.0967	17.89	501
10.5167	15.72	11.8433	17.0033	755
10.4867	15.5467	11.7367	16.7633	754
10.4733	15.4033	11.69	16.5967	753
