10.6233	35.0667	11.4567	0	225
10.59	39.5833	11.3467	0	245
10.6767	39.47	11.4833	0	246
10.7133	34.7467	11.6067	39.7633	226
10.87	38.94	11.8167	39.6267	247
10.9167	37.91	11.9967	38.4233	227
10.59	35.34	11.3467	35.9033	1265
10.6233	34.74	11.4567	34.7567	229
10.7133	34.54	11.6067	34.5967	230
10.6767	34.5433	11.4833	35.16	1266
10.9167	33.75	11.9967	33.92	231
10.87	32.5833	11.8167	33.34	1267
10.51	30.2933	11.1167	31.7833	497
10.5933	28.13	11.2267	31.2667	498
10.6733	0	11.62	0	3089
10.4167	0	10.8733	0	2681
11.0633	0	12.5933	0	2051
10.5067	0	11.1133	0	2421
10.67	0	11.4767	0	2326
10.59	0	11.2233	0	2418
10.4333	0	10.82	0	2938
10.71	0	11.5933	0	2154
10.6367	0	11.05	0	2935
10.4767	0	11.0433	0	2577
10.67	0	11.4767	0	2330
10.91	0	11.9733	0	2151
10.5833	0	11.34	0	2325
10.81	0	11.61	0	2411
10.3633	0	10.7433	0	2937
10.6233	29.8433	11.4567	30.3833	1249
11.0633	0	12.5933	0	2055
10.48	0	11.0433	0	2589
10.5067	0	11.1133	0	2417
10.5367	0	11.2	0	2413
10.6933	0	11.2167	0	2839
10.4967	0	10.9767	0	2834
10.5833	0	11.34	0	2329
10.62	0	11.4467	0	2153
10.7133	28.9933	11.6067	29.5567	1250
10.49	0	10.96	0	2678
10.6933	0	11.2167	0	2843
10.8667	0	11.82	0	3347
10.6367	0	11.05	0	2931
10.8167	0	11.9867	0	2058
10.4167	0	10.8833	0	2833
10.4133	0	10.8733	0	2677
10.56	0	11.15	0	2582
10.91	0	11.9733	0	2147
10.43	0	10.82	0	2934
10.59	30.0467	11.3467	30.9367	1269
10.42	0	10.8867	0	2845
10.4767	0	11.0433	0	2581
10.6767	29.5767	11.4833	30.46	1270
10.49	0	10.96	0	2674
10.52	0	11.0333	0	2670
10.56	0	11.15	0	2586
10.6233	0	11.32	0	2410
10.92	0	12.0267	0	2315
10.3633	0	10.7433	0	2933
10.4967	0	10.9767	0	2838
10.78	27.2133	11.4967	27.8233	499
10.7167	0	11.7733	0	2057
10.8133	0	11.9867	0	2050
10.87	28.3	11.8167	29.2133	1271
10.67	0	11.4767	0	3346
10.4133	0	10.8733	0	2673
10.48	0	11.0433	0	2585
10.71	0	11.5933	0	2150
10.44	0	10.9367	0	2669
10.71	0	11.2733	0	2667
10.5367	0	11.2	0	2409
10.99	0	12.2933	0	2139
10.9167	26.6033	11.9967	27.2933	1251
10.81	0	11.6067	0	2407
10.92	0	12.0233	0	2307
10.4167	0	10.8833	0	2837
10.5833	0	11.34	0	3345
10.43	0	10.82	0	2930
10.8133	0	11.9867	0	2054
10.46	0	10.88	0	2926
10.4967	0	10.9767	0	2842
10.7167	0	11.7733	0	2049
10.62	0	11.4467	0	2149
10.3633	0	10.7433	0	2929
10.92	0	12.0233	0	2311
10.3867	0	10.7967	0	2925
10.42	0	10.8833	0	2841
10.7167	0	11.7733	0	2053
10.6567	0	11.11	0	2923
10.71	0	11.5933	0	2146
10.81	0	11.6067	0	2403
10.52	0	11.0333	0	2666
10.8667	0	11.8033	0	3135
10.62	0	11.3167	0	2406
10.62	0	11.4467	0	2145
10.44	0	10.9367	0	2665
10.6733	0	11.48	0	2398
10.71	0	11.6167	0	2306
10.71	0	11.6167	0	2314
10.5367	0	11.2	0	2405
10.71	0	11.2733	0	2663
10.75	0	11.41	0	3603
10.4567	0	10.88	0	2922
10.7667	0	11.8033	0	2138
10.6733	24.7233	11.4767	25.3767	178
10.62	0	11.46	0	2305
10.71	0	11.6167	0	2310
10.5967	0	11.25	0	2574
10.62	0	11.46	0	2313
10.5867	0	11.3433	0	2397
10.62	0	11.3167	0	2402
10.3833	0	10.7967	0	2921
10.6733	0	11.4733	0	3134
10.7867	0	11.5333	0	2563
10.87	0	11.81	0	2239
10.51	24.32	11.1167	25.5833	501
10.5867	24.4967	11.3433	25.1467	177
11.0667	0	12.6067	0	2123
10.6733	0	11.6233	0	2137
10.7533	0	11.41	0	2655
10.7867	0	11.5367	0	2571
10.62	0	11.46	0	2309
10.5933	26.2267	11.2267	24.88	502
10.99	0	12.2933	0	2135
10.56	0	11.15	0	3602
10.54	24.2467	11.2033	28.1767	481
10.6567	0	11.11	0	2919
10.5367	0	11.1967	0	2401
10.59	0	11.34	0	3133
10.87	0	11.8233	0	2395
10.52	0	11.0333	0	2662
10.71	0	11.2733	0	2659
10.51	0	11.1333	0	2573
10.4767	0	11.0433	0	3601
10.7867	0	11.5367	0	2567
10.6933	0	11.2167	0	3859
10.44	0	10.9367	0	2661
10.92	0	12.03	0	2383
10.78	0	11.49	0	3391
10.72	0	11.31	0	2819
10.99	0	12.2933	0	2131
10.91	0	11.9733	0	3115
10.5933	0	11.25	0	2562
10.4567	0	10.88	0	2918
10.4967	0	10.9767	0	3858
10.53	0	11.0633	0	2830
10.6567	0	11.11	0	2915
10.72	0	11.31	0	2827
10.5967	0	11.25	0	2570
10.6767	0	11.4767	0	2238
10.52	0	11.0333	0	2658
10.6933	0	11.2167	0	2911
10.4167	0	10.8833	0	3857
10.5933	0	11.2233	0	3390
10.7667	0	11.8033	0	2134
10.51	0	11.1333	0	2561
10.6733	0	11.48	0	2394
10.72	0	11.31	0	2823
10.3833	0	10.7967	0	2917
10.5933	0	11.25	0	2566
10.5633	0	11.15	0	2654
10.8167	0	11.9933	0	2122
10.9133	0	11.9833	0	2223
10.51	0	11.1133	0	3389
10.44	0	10.9367	0	2657
10.51	0	11.1333	0	2569
10.4467	0	10.96	0	2829
10.59	0	11.3433	0	2237
10.5833	0	11.34	0	2393
10.6733	0	11.6233	0	2133
10.8667	0	11.8033	0	3187
10.51	0	11.1333	0	2565
10.78	24.9867	11.4967	24.59	503
10.71	0	11.5933	0	3114
10.48	0	11.0433	0	2653
10.5267	0	11.06	0	2818
10.7167	0	11.7767	0	2121
10.87	0	11.8233	0	2391
10.6233	23.0267	11.3233	25.8533	482
10.6867	0	11.1967	0	3647
10.4567	0	10.88	0	2914
11.0667	0	12.6033	0	2119
10.6233	0	11.4467	0	3113
10.7667	0	11.8033	0	2130
10.7133	0	11.62	0	2382
10.5267	0	11.0633	0	2826
10.7533	0	11.41	0	2651
10.4467	0	10.96	0	2817
10.3833	0	10.7967	0	2913
10.5267	0	11.06	0	2822
10.4967	0	10.98	0	2910
10.81	0	11.6067	0	3371
10.4467	0	10.96	0	2825
10.4933	0	10.9633	0	3646
10.6733	0	11.6233	0	2129
10.6733	0	11.47	0	3186
10.6233	0	11.4633	0	2381
10.6367	0	11.05	0	3903
10.4467	0	10.96	0	2821
10.87	0	11.8233	0	2387
10.92	0	12.03	0	2379
10.87	0	11.81	0	2235
10.9133	0	11.9733	0	3119
10.4167	0	10.8733	0	3645
10.7133	0	11.6	0	2222
10.42	0	10.8867	0	2909
10.67	0	11.4767	0	2390
11.0667	0	12.6033	0	2115
10.5867	0	11.34	0	3185
10.78	0	11.4933	0	2495
10.99	0	12.2867	0	3095
10.7767	0	11.49	0	3443
10.5633	0	11.15	0	2650
10.6933	0	11.2167	0	2907
10.7533	0	11.4167	0	2771
10.6233	0	11.3167	0	3370
10.8167	0	11.9933	0	2118
10.4333	0	10.82	0	3902
10.5833	0	11.34	0	2389
10.6233	0	11.4533	0	2221
10.8667	0	11.8033	0	3191
10.6933	0	11.22	0	3027
10.5367	0	11.2	0	3369
10.3633	0	10.7467	0	3901
10.48	0	11.0433	0	2649
10.71	0	11.5967	0	3118
10.7167	0	11.7767	0	2117
10.67	0	11.4767	0	2386
10.6733	0	11.4767	0	2234
10.7867	0	11.5367	0	2639
10.7133	0	11.62	0	2378
10.75	0	11.41	0	2647
10.59	0	11.2233	0	3442
10.5933	0	11.2267	0	2494
10.6233	0	11.4467	0	3117
10.7667	0	11.8	0	3094
10.71	0	11.2733	0	3627
11.0633	0	12.5933	0	3075
10.4967	0	10.98	0	3030
10.8667	21.47	11.81	22.3167	179
10.8133	0	11.61	0	3375
10.5833	0	11.34	0	2385
10.5067	0	11.1133	0	3441
10.4967	0	10.98	0	2906
10.92	0	12.03	0	2375
10.59	0	11.3433	0	2233
10.6233	0	11.4633	0	2377
10.6733	0	11.4733	0	3190
10.8167	0	11.99	0	2114
10.51	0	11.1167	0	2493
10.8667	0	11.8067	0	3199
10.8667	0	11.8033	0	3195
10.6867	0	11.1933	0	3699
10.6733	0	11.6233	0	3093
10.71	21.3967	11.6	22.02	162
10.7767	0	11.49	0	3447
10.6567	0	11.11	0	2019
10.42	0	10.8867	0	2905
10.5867	0	11.34	0	3189
10.9133	0	11.9833	0	2219
10.52	0	11.0333	0	3626
10.7167	0	11.7767	0	2113
10.75	0	11.41	0	2643
10.56	0	11.15	0	2646
10.6567	0	11.11	0	3883
10.6233	19.1567	11.3233	20.8733	486
10.6933	0	11.2167	0	2903
10.6233	0	11.32	0	3374
10.5967	0	11.2533	0	2638
10.91	0	11.9733	0	3171
10.8133	0	11.6133	0	2479
10.44	0	10.9367	0	3625
10.92	0	12.0267	0	2371
10.49	0	10.96	0	3698
10.8667	0	11.82	0	3351
10.6233	21.1	11.45	21.7867	161
10.6867	0	11.1967	0	2751
10.6367	0	11.05	0	3955
10.6733	21.0233	11.4767	21.7667	182
10.87	0	11.82	0	2303
10.4767	0	11.0433	0	2645
10.59	0	11.2233	0	3446
10.54	0	11.2	0	3373
10.6733	0	11.4733	0	3198
10.8133	0	11.9867	0	3074
10.6733	0	11.4733	0	3194
10.5867	21.0167	11.3433	21.74	181
10.78	0	11.49	0	3451
10.52	0	11.0333	0	1698
10.6233	0	11.32	0	1442
10.72	0	11.3133	0	2895
10.78	0	11.49	0	3455
10.7133	0	11.6167	0	2374
10.48	0	11.0467	0	2773
10.4133	0	10.8733	0	3697
10.51	0	11.1367	0	2637
10.7867	0	11.5367	0	2635
10.5067	0	11.1133	0	3445
10.7133	0	11.2733	0	3631
10.59	0	11.3433	0	3197
10.6867	0	11.1967	0	3703
10.4567	0	10.88	0	3882
10.5867	0	11.34	0	3193
10.99	0	12.29	0	3099
10.44	0	10.9367	0	1697
10.78	0	11.4933	0	2491
10.7167	0	11.7733	0	3073
10.9967	0	12.31	0	2203
10.62	0	11.46	0	2373
10.9933	0	12.2933	0	3103
10.56	0	11.15	0	2642
10.54	20.89	11.2033	21.4633	485
10.6933	0	11.2167	0	2899
10.43	0	10.82	0	3954
10.4967	0	10.9767	0	2902
10.3867	0	10.7967	0	3881
10.71	0	11.6	0	2218
10.67	0	11.4767	0	3350
10.9167	0	11.9967	0	2287
10.91	0	11.9733	0	3175
10.78	0	11.4933	0	1459
10.71	0	11.5933	0	3170
10.59	0	11.2233	0	3450
10.6233	0	11.3233	0	2478
10.9133	0	11.9767	0	3183
10.5367	0	11.2	0	1441
10.4933	0	10.9633	0	2750
10.5933	0	11.2267	0	3454
10.6367	0	11.05	0	3007
11.0667	0	12.6067	0	3087
10.4767	0	11.0433	0	2641
10.3633	0	10.7433	0	3953
10.71	0	11.6167	0	2370
10.5833	0	11.34	0	3349
10.6367	0	11.05	0	3959
10.81	0	11.6067	0	3427
10.52	0	11.0333	0	3630
10.4167	0	10.8833	0	2901
10.66	0	11.11	0	3887
10.49	0	10.96	0	3702
11.0633	0	12.5967	0	3079
10.5067	0	11.1133	0	3449
10.6867	0	11.1967	0	3707
10.9133	0	11.9767	0	3179
10.62	0	11.4467	0	3169
10.6767	0	11.4833	0	2302
10.51	0	11.1167	0	3453
10.53	0	11.0633	0	2894
10.6233	0	11.45	0	2217
10.6867	0	11.1967	0	3711
10.5967	0	11.25	0	2634
10.92	0	12.0233	0	3331
10.54	0	11.2033	0	2477
10.4167	0	10.8733	0	2749
10.59	0	11.2267	0	2490
10.44	0	10.9367	0	3629
10.8667	0	11.81	0	2231
10.4167	0	10.8733	0	3701
10.7667	0	11.8033	0	3098
10.9167	0	11.9967	0	2275
10.62	0	11.46	0	2369
10.59	0	11.35	0	2301
10.77	0	11.8067	0	3102
10.72	0	11.3133	0	2891
10.7867	0	11.5367	0	2631
10.4467	0	10.96	0	2893
10.51	0	11.1333	0	2633
10.4967	0	10.9767	0	2898
11.0667	0	12.6	0	3083
10.71	0	11.5933	0	3174
10.9967	0	12.31	0	2199
10.5067	0	11.1167	0	2489
10.6367	0	11.05	0	3963
10.6733	0	11.6233	0	3097
10.71	0	11.5967	0	3182
10.43	0	10.82	0	3958
10.77	0	11.8133	0	2202
10.9967	0	12.31	0	2195
10.81	0	11.6067	0	3431
10.46	0	10.88	0	3886
10.6367	0	11.05	0	3967
10.4333	0	10.82	0	3006
10.4933	0	10.9633	0	3706
10.43	0	10.82	0	950
10.62	0	11.3167	0	3426
10.75	0	11.41	0	3607
10.4933	0	10.9633	0	3710
10.6767	0	11.6267	0	3101
10.59	0	11.2233	0	1458
10.87	0	11.8233	0	3355
10.8133	0	11.61	0	3439
10.71	0	11.5967	0	3178
10.62	0	11.4467	0	3173
10.4167	0	10.8833	0	2897
10.7133	0	11.61	0	2286
10.3633	0	10.7433	0	3957
10.6233	0	11.45	0	3181
10.71	0	11.6167	0	3330
10.3867	0	10.7967	0	3885
10.4167	0	10.8733	0	3705
10.82	0	11.9967	0	3086
10.8133	0	11.61	0	3435
10.5367	0	11.2	0	3425
10.87	0	11.8167	0	2295
10.9933	0	12.3	0	3167
10.4167	0	10.8733	0	3709
10.6767	0	11.6333	0	2201
10.8167	0	11.99	0	3078
10.3633	0	10.7433	0	3005
10.8133	19.7167	11.6167	22.8267	483
10.9167	0	11.9967	0	2279
10.87	0	11.8333	0	2463
10.3633	0	10.7433	0	949
10.7133	0	11.2733	0	2735
10.5067	0	11.1133	0	1457
10.87	0	11.8233	0	3359
10.6233	0	11.4467	0	3177
10.7867	0	11.5367	0	2627
10.7133	0	11.6067	0	2274
10.42	0	10.8867	0	3029
10.62	0	11.46	0	3329
10.6733	0	11.4767	0	2230
10.8133	0	11.6133	0	2475
10.6267	0	11.46	0	2285
10.4333	0	10.82	0	3962
10.71	0	11.2733	0	3683
10.9167	0	11.9967	0	2283
10.5267	0	11.0633	0	2890
10.72	0	11.78	0	3085
10.4333	0	10.8233	0	3966
10.5967	0	11.25	0	2630
10.6233	0	11.3167	0	3430
10.56	0	11.15	0	3606
10.7167	0	11.7733	0	3077
11.07	0	12.61	0	3147
10.6867	0	11.1967	0	2747
10.6267	0	11.4567	0	2273
10.87	0	11.82	0	2299
10.3633	0	10.7433	0	3961
10.6233	0	11.32	0	3438
10.6733	0	11.4767	0	3354
10.8167	0	11.9933	0	3082
10.99	0	12.2933	0	3155
10.51	19.6	11.1167	20.1567	505
10.3667	0	10.7467	0	3965
10.6933	0	11.2167	0	3863
10.9933	0	12.2967	0	3163
10.5867	0	11.3433	0	2229
10.77	0	11.8133	0	2198
10.9133	0	11.9833	0	2215
10.5367	0	11.2	0	3429
10.6767	0	11.4833	0	2294
10.6233	0	11.32	0	3434
10.4767	0	11.0433	0	3605
10.4467	0	10.96	0	2889
10.51	0	11.1333	0	2629
10.72	0	11.31	0	2887
10.92	0	12.0267	0	3335
10.4567	0	10.88	0	1954
10.8667	0	11.81	0	2227
10.78	19.27	11.4967	19.85	507
10.77	0	11.8133	0	2194
10.54	0	11.2	0	3437
10.5833	0	11.34	0	3353
10.99	0	12.2933	0	3159
10.71	0	11.2733	0	3687
10.59	0	11.3467	0	2293
10.9133	0	11.9833	0	2211
10.6733	0	11.48	0	3358
10.7167	0	11.7767	0	3081
10.5367	0	11.2	0	3433
10.52	0	11.0333	0	2734
10.77	0	11.81	0	3166
10.52	0	11.0333	0	3682
10.6767	0	11.6333	0	2197
11	0	12.3167	0	3231
10.7133	0	11.61	0	2278
10.6567	0	11.11	0	3939
10.7133	0	11.2733	0	3695
10.5933	0	11.25	0	2626
10.6733	0	11.4833	0	2462
10.6233	0	11.32	0	2474
11.0667	0	12.6033	0	3139
10.71	0	11.2733	0	3691
11.0667	0	12.6067	0	3143
10.66	0	11.11	0	2991
10.9233	0	12.04	0	2439
10.5867	0	11.3433	0	3357
10.7867	0	11.5367	0	3587
10.6767	0	11.63	0	2193
10.7133	0	11.61	0	2282
10.49	0	10.9633	0	2746
10.44	0	10.9367	0	3681
11.0733	0	12.6333	0	3203
10.6767	0	11.63	0	3165
10.4967	0	10.9767	0	3862
10.44	0	10.94	0	2733
10.6267	0	11.4567	0	2277
10.6367	0	11.05	0	3003
10.7533	0	11.41	0	3611
10.6767	0	11.4833	0	2298
10.4567	0	10.88	0	2018
10.92	0	12.0267	0	3339
10.72	0	11.31	0	2883
10.92	0	12.03	0	3343
10.51	0	11.1333	0	2625
10.54	0	11.2033	0	2473
10.5867	0	11.3467	0	2461
10.7667	0	11.8033	0	3154
10.5933	19.0333	11.23	19.62	506
10.71	0	11.6167	0	3334
10.6267	0	11.46	0	2281
10.6733	0	11.4767	0	2226
10.52	0	11.0333	0	3686
10.77	0	11.8067	0	3162
10.71	0	11.6	0	2214
10.6567	0	11.11	0	3943
10.8167	0	11.9967	0	3146
10.5267	0	11.0633	0	2886
10.9233	0	12.04	0	2435
10.4167	0	10.8733	0	2745
10.4167	0	10.8833	0	3861
10.78	0	11.4933	0	2487
10.7133	0	11.6267	0	2442
10.4567	0	10.88	0	3938
10.52	0	11.0333	0	3694
10.59	0	11.35	0	2297
10.66	0	11.11	0	3951
10.7533	0	11.41	0	3615
10.71	0	11.6	0	2210
10.87	0	11.8233	0	3411
10.7667	0	11.8033	0	3158
10.87	0	11.8267	0	3423
10.6867	0	11.1967	0	691
10.52	0	11.0333	0	3690
10.66	0	11.11	0	3947
10.44	0	10.9367	0	3685
10.5867	0	11.3433	0	2225
10.62	0	11.46	0	3333
10.6733	0	11.6233	0	3153
10.6233	0	11.45	0	2213
10.6767	0	11.6267	0	3161
10.5933	0	11.25	0	3586
10.4467	0	10.96	0	2885
10.72	0	11.78	0	3145
10.3833	0	10.7967	0	1953
10.46	0	10.88	0	2990
10.87	0	11.8233	0	3415
10.87	0	11.8233	0	3419
10.3833	0	10.7967	0	3937
10.44	0	10.94	0	3693
10.5633	0	11.15	0	3610
10.6233	0	11.45	0	2209
10.6233	0	11.4667	0	2441
10.44	0	10.9367	0	3689
10.6733	0	11.6233	0	3157
10.5933	18.67	11.2267	19.19	1522
10.4333	0	10.82	0	3002
10.51	0	11.1333	0	3585
10.6933	0	11.2167	0	3867
10.8167	0	11.9933	0	3138
10.8167	0	11.9933	0	3142
10.4567	0	10.88	0	3942
10.72	0	11.31	0	3843
10.7133	0	11.6167	0	3338
10.87	0	11.83	0	2459
10.7133	0	11.62	0	3342
10.87	0	11.8133	0	3263
10.48	0	11.0433	0	3609
10.5267	0	11.0633	0	2882
10.6367	0	11.05	0	2043
10.3867	0	10.7967	0	2989
10.4933	0	10.9633	0	1786
10.46	0	10.8833	0	3950
10.3833	0	10.7967	0	2017
10.7733	0	11.82	0	3230
10.9233	0	12.0333	0	3407
10.5633	0	11.1533	0	3614
10.7133	0	11.2733	0	2731
10.4567	0	10.88	0	3946
10.59	0	11.2267	0	2486
10.3633	0	10.7433	0	3001
10.6733	0	11.48	0	3422
10.3833	0	10.7967	0	3941
10.67	0	11.4767	0	3410
10.6233	0	11.4633	0	3337
10.6233	0	11.4633	0	3341
10.7867	0	11.5367	0	3591
10.6367	0	11.05	0	947
10.6933	0	11.2167	0	3871
10.7167	0	11.7767	0	3137
10.7167	0	11.7767	0	3141
10.51	18.42	11.1167	18.9233	1521
10.7133	0	11.6267	0	2438
10.3867	0	10.8	0	3949
10.4467	0	10.96	0	2881
10.48	0	11.0467	0	3613
10.4167	0	10.8733	0	1785
10.6733	0	11.48	0	3418
10.3867	0	10.7967	0	3945
10.4167	18.3867	10.8733	18.7	753
10.6733	0	11.48	0	3414
10.92	0	12.03	0	3403
10.5867	0	11.3433	0	3421
11.0833	18.3967	12.6767	19.2	195
10.68	0	11.6367	0	3229
10.5833	0	11.34	0	3409
10.5067	0	11.1133	0	2485
10.9167	0	11.9867	0	3247
10.92	0	12.03	0	3395
10.4967	0	10.98	0	3866
10.5267	0	11.06	0	3842
10.92	0	12.03	0	3399
10.87	0	11.82	0	3315
10.7133	0	11.6233	0	2434
10.5867	0	11.3433	0	3417
10.7533	0	11.4133	0	2719
10.6233	0	11.4667	0	2437
10.5833	0	11.34	0	3413
10.59	18.17	11.2233	18.7167	434
10.6767	0	11.48	0	3262
10.42	0	10.8867	0	3865
10.6733	0	11.4833	0	2458
10.7733	0	11.83	0	3282
10.75	0	11.41	0	3667
10.4467	0	10.96	0	3841
10.52	0	11.0333	0	2730
10.5	0	10.98	0	3870
10.7133	0	11.6233	0	3406
10.78	0	11.4933	0	3519
10.5933	0	11.25	0	3590
10.9967	0	12.3133	0	3227
10.82	0	12.0067	0	3202
10.78	0	11.4967	0	2559
10.7867	0	11.5367	0	3595
10.79	0	11.54	0	2703
10.4333	0	10.82	0	2042
10.7533	0	11.4133	0	3679
10.59	0	11.3467	0	3261
10.87	0	11.81	0	3259
10.8133	0	11.6133	0	2471
10.6233	0	11.4667	0	2433
10.6567	0	11.11	0	2987
10.7533	0	11.41	0	3671
10.6767	0	11.4833	0	3314
10.5867	0	11.3467	0	2457
10.7867	0	11.5367	0	3599
10.42	0	10.8867	0	3869
10.59	0	11.3467	0	3313
10.7533	0	11.41	0	3675
10.51	0	11.1333	0	3589
10.6233	0	11.4667	0	3405
10.72	0	11.31	0	3847
10.44	0	10.9367	0	2729
10.9267	0	12.0467	0	3471
10.7133	0	11.62	0	3402
10.7133	0	11.6033	0	3246
10.6867	0	11.1967	0	2743
10.3633	0	10.7433	0	2041
10.5067	17.8633	11.1133	18.39	433
10.6767	0	11.49	0	2514
10.7133	0	11.6167	0	3394
10.87	0	11.83	0	2455
10.72	0	11.7867	0	3201
10.7133	0	11.62	0	3398
10.9133	0	11.9867	0	3243
10.9967	0	12.31	0	3223
10.5633	0	11.1533	0	2718
10.87	0	11.83	0	2451
10.56	0	11.15	0	3666
10.68	0	11.6433	0	3281
10.78	0	11.4933	0	2483
10.6233	0	11.4633	0	3401
10.5933	0	11.2267	0	3518
10.9967	0	12.31	0	3219
10.6267	0	11.4567	0	3245
10.9167	0	11.9967	0	3299
10.5967	0	11.25	0	3594
10.62	0	11.46	0	3393
10.5633	0	11.1533	0	3678
10.6933	0	11.2167	0	3923
10.5933	0	11.23	0	2558
10.8133	0	11.6133	0	3503
10.9133	17.4833	11.9833	18.4767	163
10.6233	0	11.4633	0	3397
10.4967	0	10.98	0	3026
10.56	0	11.15	0	3670
10.78	0	11.4933	0	3515
10.6767	0	11.4767	0	3258
10.4767	0	11.0433	0	3665
10.5967	0	11.2533	0	3598
10.5633	0	11.15	0	3674
10.77	0	11.8167	0	3226
10.8133	0	11.62	0	2543
10.51	0	11.1167	0	3517
10.6233	0	11.32	0	2470
10.6867	0	11.1967	0	3775
10.5267	0	11.06	0	3846
10.48	0	11.0467	0	2717
10.4567	0	10.88	0	2986
10.6933	0	11.2167	0	3935
10.92	0	12	0	3311
10.8667	0	11.81	0	3251
10.9133	17.3933	11.9833	18.3667	167
10.6767	17.4967	11.49	18.07	466
10.51	0	11.1333	0	3593
10.5867	0	11.35	0	2513
10.6933	0	11.2167	0	3927
10.48	0	11.0467	0	3677
10.72	0	11.3133	0	3851
10.6933	0	11.2167	0	2975
10.6933	0	11.2167	0	3931
10.51	0	11.12	0	2557
10.8133	19.9267	11.6167	20.48	487
10.48	0	11.0433	0	3669
10.5967	0	11.2567	0	2702
10.87	0	11.81	0	3255
10.9133	0	11.9833	0	3235
10.49	0	10.9633	0	2742
10.51	0	11.1367	0	3597
10.59	0	11.3433	0	3257
10.9167	0	11.9967	0	3303
10.48	0	11.0433	0	3673
10.8133	0	11.6133	0	2467
10.72	0	11.3133	0	3855
10.4467	0	10.96	0	3845
10.6767	0	11.6333	0	3225
10.5367	0	11.2	0	2469
10.49	17.3467	10.9633	17.7233	754
10.42	0	10.8867	0	3025
10.6733	0	11.4833	0	2454
10.9133	0	11.9833	0	3239
10.7867	0	11.54	0	3663
10.92	0	12	0	3307
10.3867	0	10.7967	0	2985
10.7867	0	11.5367	0	3651
10.6367	0	11.05	0	2999
10.8733	0	11.82	0	3327
10.87	0	11.82	0	3319
10.7133	0	11.6033	0	3242
10.59	0	11.2267	0	2482
10.7167	0	11.63	0	3470
10.8667	17.15	11.81	18.0533	187
10.4967	0	10.9767	0	3922
10.6733	0	11.4833	0	2450
10.7867	0	11.5367	0	3659
10.78	17.13	11.4967	17.8133	511
10.7867	0	11.5367	0	3655
10.4167	0	10.8733	0	2741
10.5867	17.2667	11.35	17.7667	469
10.6233	0	11.3233	0	3502
10.6367	0	11.05	0	4031
10.8733	0	11.8333	0	3487
10.77	0	11.8133	0	3222
10.51	0	11.1367	0	2701
10.5933	0	11.2267	0	3514
10.5867	0	11.3433	0	2453
10.6767	17.2233	11.63	17.9367	145
10.7133	0	11.61	0	3298
10.4933	0	10.9633	0	3774
10.6233	17.1767	11.3267	17.88	490
10.77	0	11.8133	0	3218
10.5	0	10.98	0	3934
10.6233	0	11.4533	0	3241
10.4967	0	10.98	0	3926
10.6733	0	11.4767	0	3250
10.5067	0	11.1133	0	2481
10.6267	0	11.3267	0	2542
10.53	0	11.0633	0	3850
10.8133	0	11.6133	0	3499
10.4167	0	10.8833	0	3921
10.7533	0	11.4133	0	2715
10.4967	0	10.98	0	3930
10.5867	0	11.3433	0	2449
10.6267	0	11.4733	0	3469
10.6867	0	11.1967	0	3771
10.7167	0	11.6133	0	3310
10.54	0	11.2033	0	3501
10.51	0	11.1167	0	3513
10.9233	0	12.0433	0	3467
10.6767	0	11.6333	0	3221
10.6733	0	11.4767	0	3254
10.4167	0	10.8767	0	3773
10.54	17.06	11.2033	17.5933	489
10.53	0	11.0633	0	3854
10.6267	0	11.4567	0	3297
10.42	0	10.8867	0	3933
10.5	0	10.98	0	2974
10.87	0	11.82	0	3323
10.6233	0	11.32	0	2466
10.6767	0	11.6333	0	3217
10.71	0	11.6	0	3234
10.8133	0	11.6167	0	2531
10.6867	0	11.1967	0	1719
10.7867	0	11.54	0	2699
10.5867	0	11.3433	0	3249
10.42	0	10.8833	0	3925
10.7233	0	11.3133	0	2959
10.5967	0	11.2533	0	3662
10.4467	0	10.96	0	3849
10.6867	0	11.1967	0	1715
10.7133	0	11.2767	0	3759
10.5933	16.9633	11.23	17.53	510
10.7133	0	11.61	0	3302
10.54	0	11.2067	0	2541
10.78	16.8267	11.4967	17.4767	1523
10.42	0	10.8867	0	3929
10.71	0	11.6	0	3238
10.78	0	11.4967	0	2547
10.8667	16.8267	11.81	17.73	1203
10.5967	0	11.25	0	3650
10.6267	0	11.4633	0	3309
10.6767	0	11.4833	0	3318
10.68	0	11.4867	0	3326
10.7133	0	11.61	0	3306
10.4333	0	10.82	0	2998
10.59	0	11.3433	0	3253
10.5967	0	11.2533	0	3658
10.4467	0	10.9633	0	3853
10.78	0	11.4967	0	2555
10.78	0	11.4933	0	3511
10.5967	0	11.25	0	3654
10.6733	16.8733	11.4767	17.6533	186
10.4333	0	10.8233	0	4030
10.71	16.8567	11.6	17.6667	166
10.8133	0	11.6167	0	2535
10.6233	0	11.45	0	3233
10.5367	0	11.2	0	2465
10.43	0	10.82	0	946
10.8133	0	11.62	0	2539
10.5133	0	11.1367	0	3661
10.6767	0	11.4867	0	3486
10.42	0	10.8867	0	2973
10.87	0	11.8333	0	3483
10.6267	0	11.46	0	3301
10.6233	0	11.45	0	3237
10.59	0	11.35	0	3317
10.51	0	11.1333	0	3649
10.6367	0	11.05	0	4027
10.6267	0	11.46	0	3305
10.72	0	11.31	0	3907
10.5933	0	11.35	0	3325
10.7167	0	11.6367	0	3522
10.7233	0	11.3133	0	3919
10.6867	16.62	11.1967	17.0733	755
10.71	0	11.2733	0	2727
10.4933	0	10.9633	0	3770
10.6233	0	11.3233	0	3498
10.51	0	11.1367	0	3657
10.3633	0	10.7433	0	2997
10.51	0	11.1333	0	3653
10.3667	0	10.7467	0	4029
10.5867	16.75	11.3433	17.4833	185
10.6233	16.7367	11.45	17.51	165
10.72	0	11.3133	0	3911
10.7867	0	11.54	0	2695
10.72	0	11.3133	0	3915
10.5633	0	11.1533	0	2714
10.5867	0	11.35	0	3485
10.78	0	11.4967	0	2551
10.9233	0	12.04	0	3463
10.7867	0	11.54	0	2691
10.6767	0	11.4833	0	3322
10.52	0	11.0367	0	3758
10.5933	0	11.2267	0	2546
10.66	0	11.1133	0	4015
10.4167	0	10.8733	0	3769
10.6233	0	11.3267	0	2530
10.7167	0	11.6267	0	3466
10.54	0	11.2033	0	3497
10.49	0	10.9633	0	1714
10.7133	0	11.2733	0	3755
10.49	0	10.9633	0	1718
10.3633	0	10.7433	0	945
10.5967	0	11.2533	0	2698
10.51	16.56	11.1167	17.09	509
10.6867	0	11.1967	0	2739
10.9233	0	12.04	0	3459
10.8133	0	11.6133	0	3495
10.59	0	11.35	0	3321
10.59	0	11.2267	0	3510
10.48	0	11.0467	0	2713
10.5933	0	11.23	0	2554
10.51	0	11.1167	0	2545
10.6867	0	11.1967	0	3767
10.6367	0	11.05	0	2039
10.53	0	11.0633	0	2958
10.6733	16.4833	11.4767	17.2667	1202
10.4433	0	10.94	0	3757
10.6233	0	11.3267	0	2534
10.78	0	11.4933	0	3507
10.6233	0	11.3267	0	2538
10.54	16.48	11.2033	17.04	1505
10.54	0	11.2033	0	2529
10.5933	16.4333	11.2267	17.0233	1526
10.4333	0	10.82	0	4026
10.6233	0	11.47	0	3465
10.4133	0	10.8733	0	1713
10.5267	0	11.0633	0	3906
10.6733	0	11.4833	0	3482
10.53	0	11.0633	0	3918
10.4167	0	10.8733	0	1717
10.6933	0	11.2167	0	2971
10.87	0	11.83	0	3479
10.8767	0	11.8433	0	3551
10.51	0	11.1367	0	2697
10.5067	0	11.1133	0	3509
10.52	0	11.0333	0	2726
10.51	0	11.1167	0	2553
10.51	16.38	11.1167	16.9533	1525
10.5267	0	11.0633	0	3910
10.54	0	11.2067	0	2533
10.53	0	11.0633	0	3914
10.5867	16.3567	11.3433	17.0933	1201
10.6267	0	11.4767	0	3521
10.5933	0	11.23	0	2550
10.54	0	11.2067	0	2537
10.7533	0	11.4133	0	3743
10.4467	0	10.9633	0	2957
10.3633	0	10.7433	0	4025
10.4467	0	10.96	0	3905
10.87	0	11.83	0	3475
10.4467	0	10.9633	0	3917
10.46	0	10.8833	0	4014
10.5867	0	11.3467	0	3481
10.78	0	11.4967	0	3583
10.8133	0	11.6133	0	3491
10.5967	0	11.2533	0	2694
10.52	0	11.0333	0	3754
10.66	0	11.11	0	4011
10.6367	0	11.05	0	4023
10.7133	0	11.6267	0	3462
10.51	0	11.1167	0	2549
10.4467	0	10.96	0	3909
10.4467	0	10.96	0	3913
10.7533	0	11.4133	0	2711
10.44	0	10.9367	0	2725
10.5967	0	11.2533	0	2690
10.6567	0	11.11	0	2983
10.6867	0	11.1967	0	2815
10.5633	0	11.1533	0	2770
10.49	0	10.9633	0	3766
10.6233	0	11.32	0	3494
10.44	16.1733	10.94	16.5433	737
10.49	0	10.9633	0	2738
10.72	0	11.3133	0	2955
10.59	0	11.2267	0	3506
10.3867	0	10.8	0	4013
10.79	0	11.5433	0	3727
10.8133	15.96	11.6133	16.66	419
10.44	0	10.94	0	3753
10.4333	0	10.82	0	2038
10.51	0	11.1367	0	2693
10.8167	0	11.62	0	3567
10.7133	0	11.6267	0	3458
10.7533	0	11.4133	0	2707
10.8733	0	11.8433	0	3547
10.6233	0	11.4667	0	3461
10.6867	0	11.1967	0	3763
10.49	16	10.9633	16.38	758
10.51	0	11.1367	0	2689
10.4167	0	10.8733	0	3765
10.5367	0	11.2	0	3493
10.71	0	11.2733	0	3751
10.4967	0	10.98	0	2970
10.6367	0	11.05	0	2995
10.6733	0	11.4833	0	3478
10.4167	0	10.8733	0	2737
10.71	0	11.2733	0	2723
10.5067	0	11.1133	0	3505
10.6767	0	11.4933	0	3550
10.5633	0	11.1533	0	3742
10.6367	0	11.05	0	1971
10.7533	0	11.4133	0	3739
10.3633	0	10.7433	0	2037
10.78	15.8167	11.4933	16.4967	435
10.8733	0	11.8433	0	3543
10.6233	0	11.4667	0	3457
10.5933	0	11.23	0	3582
10.8733	0	11.84	0	3539
10.87	15.75	11.8167	16.6867	2291
10.6233	0	11.32	0	3490
10.46	0	10.88	0	4010
10.6733	0	11.4833	0	3474
10.6367	0	11.05	0	1975
10.4333	0	10.82	0	4022
10.72	0	11.3133	0	2947
10.72	0	11.3133	0	2951
10.48	0	11.0467	0	2769
10.78	15.7033	11.4933	16.38	439
10.6933	0	11.22	0	3999
10.5867	0	11.3467	0	3477
10.79	0	11.54	0	3723
10.59	0	11.3533	0	3549
10.48	0	11.0467	0	3741
10.42	0	10.8867	0	2969
10.5633	0	11.1533	0	2710
10.4567	0	10.88	0	2982
10.4933	0	10.9633	0	2814
10.6367	0	11.05	0	4019
10.51	0	11.12	0	3581
10.4167	15.77	10.8733	16.1233	757
10.5367	0	11.2	0	3489
10.5967	0	11.2567	0	3726
10.3867	0	10.7967	0	4009
10.78	0	11.4967	0	3579
10.5867	17.27	11.3433	18.5667	3473
10.3633	0	10.7433	0	4021
10.53	0	11.0633	0	2954
10.6267	0	11.3267	0	3566
10.49	0	10.9633	0	3762
10.6567	0	11.11	0	4007
10.6767	0	11.49	0	3546
10.5633	0	11.1533	0	2706
10.52	0	11.0333	0	3750
10.48	0	11.0433	0	2709
10.7133	0	11.2767	0	2799
10.3833	0	10.7967	0	2981
10.71	0	11.2733	0	3747
10.4167	0	10.8767	0	2813
10.5633	0	11.1533	0	3738
10.8133	0	11.62	0	3563
10.69	0	11.2	0	3839
10.43	0	10.82	0	2994
10.5133	0	11.14	0	3725
10.52	0	11.0333	0	2722
10.5433	0	11.2067	0	3565
10.7533	0	11.4133	0	3735
10.43	0	10.82	0	1970
10.4167	0	10.8733	0	3761
10.4467	0	10.9633	0	2953
10.59	0	11.3533	0	3545
10.6233	15.5033	11.32	16.1233	418
10.4333	15.4933	10.82	14.68	1010
10.6767	15.4933	11.4833	16.29	2290
10.7867	16.0667	11.54	17.7167	3719
10.44	0	10.9367	0	3749
10.48	0	11.0433	0	2705
10.6933	0	11.2167	0	3995
10.5	0	10.98	0	3998
10.8133	16.0833	11.6167	17.2933	3555
10.6767	0	11.49	0	3542
10.6933	0	11.2167	0	2967
10.7233	0	11.3167	0	3983
10.43	0	10.82	0	1974
10.48	0	11.0467	0	3737
10.78	16.03	11.4967	17.1467	3571
10.6767	0	11.49	0	3538
10.5967	0	11.2567	0	3722
10.8133	16.1933	11.6167	17.4833	3559
10.44	0	10.9367	0	2721
10.3633	0	10.7433	0	2993
10.53	0	11.0633	0	2950
10.6367	0	11.05	0	3071
10.43	0	10.82	0	4018
10.5267	0	11.0633	0	2946
10.3633	0	10.7433	0	1969
10.78	17.5633	11.4967	18.52	3575
10.7867	15.6567	11.54	17.3933	3715
10.5933	0	11.23	0	3578
10.6567	0	11.11	0	2979
10.59	15.3633	11.3467	16.1133	2289
10.5867	0	11.35	0	3541
10.42	0	10.8867	0	3997
10.6933	0	11.2167	0	2963
10.4567	0	10.88	0	4006
10.79	0	11.5467	0	3791
10.7533	16.25	11.4133	17.6067	3731
10.59	15.2967	11.2233	15.9033	438
10.3633	0	10.7433	0	1973
10.5367	15.31	11.2	15.9167	417
10.5867	0	11.35	0	3537
10.51	0	11.1367	0	3721
10.3633	0	10.7433	0	4017
10.6367	0	11.05	0	4095
10.6567	0	11.11	0	4003
10.4467	0	10.96	0	2949
10.52	0	11.0333	0	3746
10.4467	0	10.96	0	2945
10.4933	0	10.9667	0	3838
10.6267	0	11.3267	0	3562
10.52	0	11.0367	0	2798
10.6867	15.0767	11.1967	15.53	759
10.51	0	11.12	0	3577
10.7233	0	11.3133	0	3979
10.3633	15.24	10.7433	15.5867	1009
10.5633	0	11.1533	0	3734
10.7133	0	11.2767	0	3823
10.3833	0	10.7967	0	4005
10.8733	15.0033	11.84	15.8233	467
10.5067	15.1667	11.1133	15.7467	437
10.5	0	10.98	0	3994
10.5967	15.63	11.2533	17.2633	3718
10.6233	15.7333	11.3267	16.8633	3554
10.53	0	11.0667	0	3982
10.5933	15.7167	11.23	16.7733	3570
10.44	0	10.9367	0	3745
10.6367	0	11.05	0	2035
10.8733	14.9533	11.84	15.73	471
10.54	0	11.2067	0	3561
10.4167	0	10.8767	0	3837
10.6233	15.81	11.3267	17.0367	3558
10.4967	0	10.98	0	2966
10.52	15.0433	11.0367	15.4733	738
10.6933	0	11.2167	0	3991
10.79	0	11.5467	0	3787
10.44	0	10.94	0	2797
10.6867	0	11.1967	0	2811
10.48	16.7267	11.0467	17.8367	3733
10.5933	16.3233	11.23	17.3633	3574
10.4333	0	10.8233	0	3070
10.42	0	10.8867	0	3993
10.7133	0	11.2767	0	2787
10.51	15.5867	11.1167	16.6233	3569
10.54	15.6033	11.2067	16.7067	3553
10.5967	15.3067	11.2533	16.9767	3714
10.51	15.4667	11.1367	17.1	3717
10.6867	0	11.1967	0	3835
10.4567	0	10.88	0	2978
10.4467	0	10.9633	0	3981
10.7533	0	11.4167	0	3807
10.5633	15.75	11.1533	17.1333	3730
10.54	15.67	11.2067	16.87	3557
10.7167	14.9367	11.6333	15.54	454
10.7167	14.91	11.6333	15.62	450
10.4967	0	10.98	0	2962
10.72	15.26	11.3133	16.7667	3975
10.42	0	10.8867	0	2965
10.52	14.8867	11.0367	15.2933	742
10.4333	0	10.8233	0	4094
10.4567	0	10.88	0	4002
10.6	0	11.26	0	3790
10.7133	0	11.2767	0	2795
10.51	16.07	11.1167	17.1167	3573
10.7133	0	11.2767	0	2791
10.79	0	11.5467	0	3783
10.53	0	11.0633	0	3978
10.6933	15.51	11.2167	16.7367	3987
10.79	0	11.5467	0	3779
10.3633	0	10.7467	0	3069
10.5233	0	11.0367	0	3822
10.51	15.17	11.1367	16.82	3713
10.66	0	11.1133	0	3055
10.48	15.57	11.0433	16.9633	3729
10.72	14.94	11.3133	16.5133	3971
10.3833	0	10.7967	0	2977
10.66	0	11.1133	0	4079
10.42	0	10.8867	0	2961
10.5133	0	11.1433	0	3789
10.3833	0	10.7967	0	4001
10.6867	0	11.1967	0	2803
10.3667	0	10.7467	0	4093
10.49	14.69	10.9633	15.1	690
10.4967	16.09	10.98	17.0967	3990
10.6267	14.72	11.4767	15.3	453
10.4467	0	10.9633	0	3977
10.8133	14.5533	11.6167	15.3	1507
10.6867	0	11.1967	0	2807
10.4933	0	10.9633	0	2810
10.7133	15.65	11.2767	16.7467	3819
10.4433	0	10.94	0	3821
10.6	0	11.26	0	3786
10.8133	14.5367	11.6167	15.2733	495
10.44	14.69	10.94	15.0967	741
10.6767	14.6233	11.49	15.27	474
10.6367	0	11.05	0	4091
10.8133	14.4867	11.6167	15.2133	1511
10.4933	0	10.9633	0	3834
10.52	0	11.0367	0	2786
10.4933	14.5767	10.9633	14.97	762
10.5667	0	11.1567	0	3806
10.7533	15.01	11.4167	16.4567	3803
10.42	15.8267	10.8867	16.8733	3989
10.53	14.9133	11.0633	16.4167	3974
10.5133	0	11.14	0	3785
10.52	0	11.0367	0	2794
10.52	0	11.0367	0	2790
10.5867	14.5533	11.35	15.1767	473
10.4167	0	10.8733	0	2809
10.4967	15.11	10.98	16.3667	3986
10.4133	14.5067	10.8733	14.92	689
10.78	14.3433	11.4967	15.02	1531
10.44	0	10.94	0	2785
10.5967	0	11.2567	0	3782
10.4167	0	10.8767	0	3833
10.5867	14.4667	11.35	14.9533	1489
10.7233	0	11.3167	0	4047
10.4833	0	11.05	0	3805
10.46	0	10.8833	0	4078
10.53	14.6333	11.0633	16.1767	3970
10.5967	0	11.2567	0	3778
10.6233	14.4	11.3267	15.0467	494
10.4467	14.7767	10.9633	16.28	3973
10.46	0	10.8833	0	3054
10.44	0	10.94	0	2793
10.44	0	10.94	0	2789
10.4933	0	10.9633	0	2802
10.6933	0	11.22	0	4063
10.7533	14.6333	11.4167	16.0133	3799
10.4167	14.3833	10.8733	14.78	761
10.7533	14.6133	11.4167	15.86	3795
10.4933	0	10.9633	0	2806
10.42	14.9633	10.8867	16.2267	3985
10.5133	0	11.14	0	3781
10.52	15.2167	11.0367	16.3333	3818
10.6867	14.86	11.1967	15.9333	3831
10.6367	0	11.05	0	3067
10.3867	0	10.8	0	4077
10.4333	16.4333	10.8233	17.0533	4090
10.4467	14.51	10.96	16.0467	3969
10.5133	0	11.14	0	3777
10.4167	15.69	10.8733	16.4667	2801
10.66	14.9233	11.1133	15.9033	4075
10.6233	14.2433	11.3267	14.89	1510
10.54	14.26	11.2067	14.8667	493
10.3867	0	10.8	0	3053
10.66	0	11.11	0	3043
10.5633	14.6633	11.1567	16.0867	3802
10.4167	0	10.8733	0	2805
10.7233	0	11.3167	0	4043
10.44	15.05	10.94	16.1767	3817
10.7133	14.4033	11.2767	15.7067	3815
10.7133	14.22	11.2767	15.4367	3811
10.66	0	11.1133	0	3047
10.3633	16.1367	10.7467	16.78	4089
10.7233	0	11.3167	0	4035
10.66	0	11.1133	0	3051
10.5933	14.0967	11.23	14.71	1530
10.6867	14.2333	11.1967	15.3567	3827
10.7233	0	11.3167	0	4039
10.53	0	11.0667	0	4046
10.48	14.5267	11.05	15.9433	3801
10.5	14.9	10.9833	15.98	4062
10.6933	14.2133	11.22	15.5533	4059
10.5633	14.3633	11.1567	15.68	3798
10.5633	14.3233	11.1533	15.5167	3794
10.54	14	11.2033	14.62	1509
10.51	13.9933	11.1167	14.5833	1529
10.3633	14	10.7433	14.3467	1013
10.6367	14.29	11.05	15.0733	3059
10.4933	14.54	10.9633	15.6133	3830
10.45	0	10.9667	0	4045
10.6367	14.52	11.05	15.3667	3063
10.46	14.5533	10.8833	15.5567	4074
10.7133	13.7733	11.2767	14.28	739
10.4333	0	10.82	0	3066
10.6367	14.2733	11.05	15.2267	4087
10.42	14.67	10.89	15.7867	4061
10.48	14.2567	11.0467	15.5533	3797
10.4567	0	10.88	0	3042
10.48	14.2167	11.0467	15.3867	3793
10.52	14.13	11.0367	15.4033	3814
10.53	0	11.0667	0	4042
10.51	13.91	11.14	14.24	705
10.4167	14.4167	10.8733	15.49	3829
10.7133	13.66	11.2767	14.17	743
10.52	13.9867	11.0367	15.1533	3810
10.4567	0	10.88	0	3046
10.6933	13.81	11.22	15.12	4055
10.46	0	10.8833	0	3050
10.4933	13.9767	10.9633	15.0767	3826
10.3867	14.42	10.8	15.43	4073
10.3633	0	10.7433	0	3065
10.44	13.6733	10.94	13.7033	749
10.6933	13.7867	11.22	14.9667	4051
10.53	0	11.0667	0	4034
10.66	13.8267	11.1133	14.9967	4071
10.3833	0	10.7967	0	3041
10.53	0	11.0667	0	4038
10.7133	13.57	11.2767	14.05	747
10.4467	0	10.9633	0	4041
10.44	14.02	10.94	15.2833	3813
10.5	13.92	10.9833	15.25	4058
10.6867	13.53	11.1967	13.9533	1783
10.44	13.8933	10.94	15.0433	3809
10.5633	13.6333	11.1533	14.1033	722
10.3867	0	10.7967	0	3045
10.4167	13.88	10.8733	14.97	3825
10.3867	0	10.7967	0	3049
10.5633	13.61	11.1533	14.0167	726
10.6867	13.48	11.1967	13.9633	763
10.4333	14.0133	10.82	14.7833	3058
10.6567	13.4633	11.11	13.84	995
10.4467	0	10.9633	0	4033
10.66	13.5533	11.1133	14.6833	4067
10.6367	13.4433	11.05	13.8167	1011
10.4467	0	10.9633	0	4037
10.6367	13.6533	11.05	14.6733	4083
10.4333	14.1467	10.82	14.9967	3062
10.4333	13.97	10.82	14.93	4086
10.6867	13.4033	11.1967	13.8767	767
10.42	13.8033	10.8867	15.1333	4057
10.48	13.5233	11.0467	13.9767	721
10.6867	13.37	11.1967	13.8533	1779
10.6367	13.3267	11.05	13.7067	1015
10.3633	13.9267	10.7433	14.69	3057
10.4967	13.57	10.98	14.84	4054
10.3633	14.0367	10.7433	14.8867	3061
10.3633	13.8667	10.7433	14.83	4085
10.4967	13.53	10.98	14.6733	4050
10.4567	13.5567	10.88	14.7167	4070
10.48	13.3733	11.0467	13.8367	725
10.6367	13.19	11.05	13.5567	1019
10.42	13.4767	10.8867	14.7333	4053
10.4567	13.2267	10.88	13.5833	994
10.42	13.4367	10.8867	14.5667	4049
10.4567	13.32	10.88	14.4233	4066
10.52	13.2233	11.0367	13.6867	746
10.4333	13.3933	10.82	14.4033	4082
10.3867	13.46	10.7967	14.6167	4069
10.52	13.1767	11.0367	13.6233	1762
10.42	13.1967	10.8867	13.5233	977
10.4333	13.1	10.82	13.4567	1014
10.49	13.1033	10.9633	13.55	1778
10.3833	13.1367	10.7967	13.4733	993
10.4567	13.0933	10.88	13.4467	998
10.3867	13.2333	10.7967	14.33	4065
10.4933	13.0867	10.9633	13.5333	766
10.3633	13.3033	10.7433	14.31	4081
10.44	13.0967	10.94	13.5467	745
10.49	13.0333	10.9633	13.4733	1782
10.44	13.03	10.94	13.4733	1761
10.4167	12.9867	10.8733	13.42	1777
10.4167	12.9767	10.8733	13.41	765
10.3833	12.9667	10.7967	13.32	997
10.4333	12.9067	10.82	13.2367	2034
10.4333	12.8867	10.82	13.24	1018
10.4167	12.9233	10.8733	13.3533	1781
10.3633	12.7633	10.7433	13.1167	1017
10.3633	12.6933	10.7433	13.04	2033
11.39	0	13.4767	0	4
11.39	0	13.4767	0	8
11.39	0	13.4767	0	12
11.39	0	13.4767	0	16
11.27	0	12.96	0	20
11.27	0	12.96	0	24
11.27	0	12.96	0	28
11.27	0	12.96	0	32
11.1467	0	12.4667	0	36
11.1467	0	12.4667	0	40
11.15	0	12.4667	0	44
11.15	0	12.47	0	48
11.0867	0	12.22	0	52
11.0867	0	12.22	0	56
11.0867	0	12.22	0	60
11.0867	0	12.22	0	64
11.3933	0	13.4967	0	68
11.3933	0	13.4967	0	72
11.3933	0	13.4967	0	76
11.3933	0	13.4967	0	80
11.27	0	12.9733	0	84
11.27	0	12.9733	0	88
11.27	0	12.9733	0	92
11.27	0	12.9733	0	96
11.15	0	12.4733	0	100
11.15	0	12.4733	0	104
11.15	0	12.4733	0	108
11.15	0	12.4733	0	112
11.0867	0	12.2233	0	116
11.0867	0	12.2233	0	120
11.0867	0	12.2233	0	124
11.0867	0	12.2233	0	128
11.41	0	13.5567	0	132
11.41	0	13.56	0	136
11.41	0	13.56	0	140
11.41	0	13.56	0	144
11.28	0	13.0067	0	148
11.28	0	13.0067	0	152
11.28	0	13.0067	0	156
11.28	0	13.0067	0	160
11.1533	17.8667	12.49	19.07	164
11.1533	0	12.49	0	168
11.1533	0	12.49	0	172
11.1533	0	12.49	0	176
11.09	21.7833	12.2333	22.8367	180
11.09	17.58	12.2333	18.6867	184
11.09	0	12.2333	0	188
11.09	0	12.2333	0	192
11.43	0	13.6567	0	196
11.43	0	13.6567	0	200
11.43	0	13.6567	0	204
11.43	0	13.6567	0	208
11.2933	17.8067	13.0567	19.0967	212
11.2933	18.3967	13.0567	19.4933	216
11.2933	0	13.0567	0	220
11.2933	0	13.0567	0	224
11.16	34.9467	12.5133	35.6267	228
11.16	32.03	12.5133	32.38	232
11.16	0	12.5133	0	236
11.16	0	12.5133	0	240
11.0933	0	12.2467	0	244
11.0933	37.7833	12.2467	38.6233	248
11.0933	0	12.2467	0	252
11.0933	0	12.2467	0	256
11.17	0	12.5833	0	260
11.17	0	12.5833	0	264
11.17	0	12.5833	0	268
11.17	0	12.5833	0	272
11.0933	0	12.2667	0	276
11.0933	0	12.2667	0	280
11.0933	0	12.2667	0	284
11.0933	0	12.2667	0	288
11.0133	0	11.9567	0	292
11.0133	0	11.9567	0	296
11.0133	0	11.9567	0	300
11.0133	0	11.9567	0	304
10.97	0	11.7933	0	308
10.97	0	11.7933	0	312
10.97	0	11.7933	0	316
10.97	0	11.7967	0	320
11.1733	0	12.59	0	324
11.1733	0	12.59	0	328
11.1733	0	12.59	0	332
11.1733	0	12.59	0	336
11.0933	0	12.27	0	340
11.0933	0	12.27	0	344
11.0933	0	12.27	0	348
11.0933	0	12.27	0	352
11.0133	0	11.9567	0	356
11.0133	0	11.9567	0	360
11.0133	0	11.9567	0	364
11.0133	0	11.9567	0	368
10.97	0	11.7967	0	372
10.97	0	11.7967	0	376
10.9733	0	11.7967	0	380
10.9733	0	11.7967	0	384
11.1767	0	12.6133	0	388
11.1767	0	12.6133	0	392
11.1767	0	12.6133	0	396
11.1767	0	12.6133	0	400
11.0967	0	12.2833	0	404
11.0967	0	12.2833	0	408
11.0967	0	12.2833	0	412
11.0967	0	12.2833	0	416
11.0167	0	11.9633	0	420
11.0167	0	11.9633	0	424
11.0167	0	11.9633	0	428
11.0167	0	11.9633	0	432
10.9733	16.1167	11.8	16.9067	436
10.9733	16.05	11.8	16.8167	440
10.9733	0	11.8	0	444
10.9733	0	11.8	0	448
11.1867	0	12.6467	0	452
11.1867	0	12.6467	0	456
11.1867	0	12.6467	0	460
11.1867	0	12.6467	0	464
11.1033	0	12.3	0	468
11.1033	0	12.3	0	472
11.1033	0	12.3	0	476
11.1033	0	12.3033	0	480
11.02	17.6733	11.9733	21.0767	484
11.02	17.6233	11.9733	18.3733	488
11.02	14.8967	11.9733	15.7767	492
11.02	14.9033	11.9733	15.7333	496
10.9733	24.3033	11.8067	25.0667	500
10.9733	19.65	11.8067	22.83	504
10.9733	17.3633	11.8067	18.1167	508
10.9733	0	11.8067	0	512
10.9867	0	11.8767	0	516
10.9867	0	11.8767	0	520
10.9867	0	11.8767	0	524
10.9867	0	11.8767	0	528
10.9433	0	11.7	0	532
10.9433	0	11.7	0	536
10.9433	0	11.7033	0	540
10.9433	0	11.7033	0	544
10.8933	0	11.5233	0	548
10.8933	0	11.5233	0	552
10.8933	0	11.5233	0	556
10.8933	0	11.5233	0	560
10.8667	0	11.43	0	564
10.8667	0	11.43	0	568
10.8667	0	11.43	0	572
10.8667	0	11.43	0	576
10.9867	0	11.88	0	580
10.9867	0	11.88	0	584
10.9867	0	11.88	0	588
10.9867	0	11.88	0	592
10.9433	0	11.7033	0	596
10.9433	0	11.7033	0	600
10.9433	0	11.7033	0	604
10.9433	0	11.7033	0	608
10.8933	0	11.5233	0	612
10.8933	0	11.5233	0	616
10.8933	0	11.5233	0	620
10.8933	0	11.5267	0	624
10.8667	0	11.43	0	628
10.8667	0	11.43	0	632
10.8667	0	11.43	0	636
10.8667	0	11.43	0	640
10.99	0	11.8867	0	644
10.99	0	11.8867	0	648
10.99	0	11.8867	0	652
10.99	0	11.8867	0	656
10.9433	0	11.7067	0	660
10.9433	0	11.7067	0	664
10.9433	0	11.7067	0	668
10.9433	0	11.7067	0	672
10.8933	0	11.5267	0	676
10.8933	0	11.5267	0	680
10.8933	0	11.5267	0	684
10.8967	0	11.5267	0	688
10.8667	0	11.43	0	692
10.8667	0	11.43	0	696
10.8667	0	11.43	0	700
10.8667	0	11.43	0	704
10.9933	0	11.8933	0	708
10.9933	0	11.8933	0	712
10.9933	0	11.8933	0	716
10.9933	0	11.8933	0	720
10.9433	0	11.7133	0	724
10.9433	0	11.7133	0	728
10.9467	0	11.7133	0	732
10.9467	0	11.7133	0	736
10.8967	13.9467	11.53	14.4967	740
10.8967	14.09	11.53	14.5933	744
10.8967	0	11.53	0	748
10.8967	0	11.53	0	752
10.8667	15.55	11.4333	16.05	756
10.8667	13.8467	11.4333	14.3833	760
10.8667	13.7067	11.4333	14.2367	764
10.87	13.66	11.4333	14.1733	768
10.9067	0	11.58	0	772
10.9067	0	11.58	0	776
10.9067	0	11.5833	0	780
10.9067	0	11.5833	0	784
10.8733	0	11.46	0	788
10.8733	0	11.46	0	792
10.8733	0	11.46	0	796
10.8733	0	11.46	0	800
10.8367	0	11.33	0	804
10.8367	0	11.33	0	808
10.8367	0	11.33	0	812
10.8367	0	11.33	0	816
10.8167	0	11.26	0	820
10.8167	0	11.26	0	824
10.8167	0	11.2633	0	828
10.8167	0	11.2633	0	832
10.9067	0	11.5833	0	836
10.9067	0	11.5833	0	840
10.9067	0	11.5833	0	844
10.9067	0	11.5833	0	848
10.8733	0	11.46	0	852
10.8733	0	11.46	0	856
10.8733	0	11.46	0	860
10.8733	0	11.46	0	864
10.8367	0	11.33	0	868
10.8367	0	11.33	0	872
10.8367	0	11.33	0	876
10.8367	0	11.3333	0	880
10.8167	0	11.2633	0	884
10.8167	0	11.2633	0	888
10.8167	0	11.2633	0	892
10.8167	0	11.2633	0	896
10.9067	0	11.5867	0	900
10.9067	0	11.5867	0	904
10.9067	0	11.5867	0	908
10.9067	0	11.5867	0	912
10.8733	0	11.46	0	916
10.8733	0	11.46	0	920
10.8733	0	11.46	0	924
10.8733	0	11.46	0	928
10.8367	0	11.3333	0	932
10.8367	0	11.3333	0	936
10.8367	0	11.3333	0	940
10.8367	0	11.3333	0	944
10.8167	0	11.2633	0	948
10.8167	0	11.2633	0	952
10.8167	0	11.2633	0	956
10.8167	0	11.2633	0	960
10.91	0	11.59	0	964
10.91	0	11.59	0	968
10.91	0	11.59	0	972
10.91	0	11.59	0	976
10.8733	0	11.4633	0	980
10.8733	0	11.4633	0	984
10.8767	0	11.4633	0	988
10.8767	0	11.4633	0	992
10.8367	0	11.3333	0	996
10.8367	0	11.3333	0	1000
10.8367	0	11.3333	0	1004
10.8367	0	11.3333	0	1008
10.8167	13.5967	11.2633	14	1012
10.8167	13.5467	11.2633	13.94	1016
10.8167	0	11.2633	0	1020
10.8167	0	11.2633	0	1024
11.39	0	13.4767	0	1028
11.39	0	13.4767	0	1032
11.39	0	13.4767	0	1036
11.39	0	13.4767	0	1040
11.27	0	12.96	0	1044
11.27	0	12.96	0	1048
11.27	0	12.96	0	1052
11.27	0	12.9633	0	1056
11.1467	0	12.4667	0	1060
11.15	0	12.4667	0	1064
11.15	0	12.47	0	1068
11.15	0	12.47	0	1072
11.0867	0	12.22	0	1076
11.0867	0	12.22	0	1080
11.0867	0	12.22	0	1084
11.0867	0	12.22	0	1088
11.3933	0	13.4967	0	1092
11.3933	0	13.4967	0	1096
11.3933	0	13.4967	0	1100
11.3933	0	13.4967	0	1104
11.27	0	12.9733	0	1108
11.27	0	12.9733	0	1112
11.27	0	12.9733	0	1116
11.2733	0	12.9733	0	1120
11.15	0	12.4733	0	1124
11.15	0	12.4733	0	1128
11.15	0	12.4733	0	1132
11.15	0	12.4733	0	1136
11.0867	0	12.2233	0	1140
11.0867	0	12.2233	0	1144
11.0867	0	12.2233	0	1148
11.0867	0	12.2233	0	1152
11.41	0	13.56	0	1156
11.41	0	13.56	0	1160
11.41	0	13.56	0	1164
11.41	0	13.56	0	1168
11.28	0	13.0067	0	1172
11.28	0	13.0067	0	1176
11.28	0	13.0067	0	1180
11.28	0	13.0067	0	1184
11.1533	0	12.49	0	1188
11.1533	0	12.49	0	1192
11.1533	0	12.49	0	1196
11.1533	0	12.49	0	1200
11.09	0	12.2333	0	1204
11.09	0	12.2333	0	1208
11.09	0	12.2333	0	1212
11.09	0	12.2333	0	1216
11.43	0	13.6567	0	1220
11.43	0	13.6567	0	1224
11.43	0	13.6567	0	1228
11.4333	0	13.6567	0	1232
11.2933	0	13.0567	0	1236
11.2933	0	13.0567	0	1240
11.2933	0	13.0567	0	1244
11.2933	0	13.0567	0	1248
11.16	23.75	12.5133	24.6933	1252
11.16	0	12.5133	0	1256
11.16	0	12.5133	0	1260
11.16	0	12.5133	0	1264
11.0933	30.1833	12.2467	31.0733	1268
11.0933	26.5267	12.2467	27.5733	1272
11.0933	0	12.2467	0	1276
11.0933	0	12.2467	0	1280
11.17	0	12.5833	0	1284
11.17	0	12.5833	0	1288
11.17	0	12.5833	0	1292
11.17	0	12.5833	0	1296
11.0933	0	12.2667	0	1300
11.0933	0	12.2667	0	1304
11.0933	0	12.2667	0	1308
11.0933	0	12.2667	0	1312
11.0133	0	11.9567	0	1316
11.0133	0	11.9567	0	1320
11.0133	0	11.9567	0	1324
11.0133	0	11.9567	0	1328
10.97	0	11.7933	0	1332
10.97	0	11.7933	0	1336
10.97	0	11.7967	0	1340
10.97	0	11.7967	0	1344
11.1733	0	12.59	0	1348
11.1733	0	12.59	0	1352
11.1733	0	12.59	0	1356
11.1733	0	12.5933	0	1360
11.0933	0	12.27	0	1364
11.0933	0	12.27	0	1368
11.0933	0	12.27	0	1372
11.0933	0	12.27	0	1376
11.0133	0	11.9567	0	1380
11.0133	0	11.9567	0	1384
11.0133	0	11.9567	0	1388
11.0133	0	11.96	0	1392
10.97	0	11.7967	0	1396
10.97	0	11.7967	0	1400
10.9733	0	11.7967	0	1404
10.9733	0	11.7967	0	1408
11.1767	0	12.6133	0	1412
11.1767	0	12.6133	0	1416
11.1767	0	12.6133	0	1420
11.1767	0	12.6133	0	1424
11.0967	0	12.2833	0	1428
11.0967	0	12.2833	0	1432
11.0967	0	12.2833	0	1436
11.0967	0	12.2833	0	1440
11.0167	0	11.9633	0	1444
11.0167	0	11.9633	0	1448
11.0167	0	11.9633	0	1452
11.0167	0	11.9633	0	1456
10.9733	0	11.8	0	1460
10.9733	0	11.8	0	1464
10.9733	0	11.8	0	1468
10.9733	0	11.8	0	1472
11.1867	0	12.6467	0	1476
11.1867	0	12.6467	0	1480
11.1867	0	12.6467	0	1484
11.1867	0	12.6467	0	1488
11.1033	0	12.3	0	1492
11.1033	0	12.3	0	1496
11.1033	0	12.3033	0	1500
11.1033	0	12.3033	0	1504
11.02	14.8267	11.9733	15.6833	1508
11.02	0	11.9733	0	1512
11.02	0	11.9733	0	1516
11.02	0	11.9733	0	1520
10.9733	17.02	11.8067	17.7867	1524
10.9733	14.65	11.8067	15.4567	1528
10.9733	0	11.8067	0	1532
10.9733	0	11.8067	0	1536
10.9867	0	11.8767	0	1540
10.9867	0	11.8767	0	1544
10.9867	0	11.8767	0	1548
10.9867	0	11.8767	0	1552
10.9433	0	11.7	0	1556
10.9433	0	11.7	0	1560
10.9433	0	11.7033	0	1564
10.9433	0	11.7033	0	1568
10.8933	0	11.5233	0	1572
10.8933	0	11.5233	0	1576
10.8933	0	11.5233	0	1580
10.8933	0	11.5233	0	1584
10.8667	0	11.43	0	1588
10.8667	0	11.43	0	1592
10.8667	0	11.43	0	1596
10.8667	0	11.43	0	1600
10.9867	0	11.88	0	1604
10.9867	0	11.88	0	1608
10.9867	0	11.88	0	1612
10.9867	0	11.88	0	1616
10.9433	0	11.7033	0	1620
10.9433	0	11.7033	0	1624
10.9433	0	11.7033	0	1628
10.9433	0	11.7033	0	1632
10.8933	0	11.5233	0	1636
10.8933	0	11.5233	0	1640
10.8933	0	11.5267	0	1644
10.8933	0	11.5267	0	1648
10.8667	0	11.43	0	1652
10.8667	0	11.43	0	1656
10.8667	0	11.43	0	1660
10.8667	0	11.43	0	1664
10.99	0	11.8867	0	1668
10.99	0	11.8867	0	1672
10.99	0	11.8867	0	1676
10.99	0	11.8867	0	1680
10.9433	0	11.7067	0	1684
10.9433	0	11.7067	0	1688
10.9433	0	11.7067	0	1692
10.9433	0	11.7067	0	1696
10.8933	0	11.5267	0	1700
10.8933	0	11.5267	0	1704
10.8933	0	11.5267	0	1708
10.8967	0	11.5267	0	1712
10.8667	0	11.43	0	1716
10.8667	0	11.43	0	1720
10.8667	0	11.43	0	1724
10.8667	0	11.43	0	1728
10.9933	0	11.8933	0	1732
10.9933	0	11.8933	0	1736
10.9933	0	11.8933	0	1740
10.9933	0	11.8933	0	1744
10.9433	0	11.7133	0	1748
10.9467	0	11.7133	0	1752
10.9467	0	11.7133	0	1756
10.9467	0	11.7133	0	1760
10.8967	0	11.53	0	1764
10.8967	0	11.53	0	1768
10.8967	0	11.53	0	1772
10.8967	0	11.53	0	1776
10.8667	13.6533	11.4333	14.1733	1780
10.8667	0	11.4333	0	1784
10.87	0	11.4333	0	1788
10.87	0	11.4333	0	1792
10.9067	0	11.58	0	1796
10.9067	0	11.5833	0	1800
10.9067	0	11.5833	0	1804
10.9067	0	11.5833	0	1808
10.8733	0	11.46	0	1812
10.8733	0	11.46	0	1816
10.8733	0	11.46	0	1820
10.8733	0	11.46	0	1824
10.8367	0	11.33	0	1828
10.8367	0	11.33	0	1832
10.8367	0	11.33	0	1836
10.8367	0	11.33	0	1840
10.8167	0	11.26	0	1844
10.8167	0	11.26	0	1848
10.8167	0	11.2633	0	1852
10.8167	0	11.2633	0	1856
10.9067	0	11.5833	0	1860
10.9067	0	11.5833	0	1864
10.9067	0	11.5833	0	1868
10.9067	0	11.5833	0	1872
10.8733	0	11.46	0	1876
10.8733	0	11.46	0	1880
10.8733	0	11.46	0	1884
10.8733	0	11.46	0	1888
10.8367	0	11.33	0	1892
10.8367	0	11.33	0	1896
10.8367	0	11.3333	0	1900
10.8367	0	11.3333	0	1904
10.8167	0	11.2633	0	1908
10.8167	0	11.2633	0	1912
10.8167	0	11.2633	0	1916
10.8167	0	11.2633	0	1920
10.9067	0	11.5867	0	1924
10.9067	0	11.5867	0	1928
10.9067	0	11.5867	0	1932
10.9067	0	11.5867	0	1936
10.8733	0	11.46	0	1940
10.8733	0	11.46	0	1944
10.8733	0	11.46	0	1948
10.8733	0	11.46	0	1952
10.8367	0	11.3333	0	1956
10.8367	0	11.3333	0	1960
10.8367	0	11.3333	0	1964
10.8367	0	11.3333	0	1968
10.8167	0	11.2633	0	1972
10.8167	0	11.2633	0	1976
10.8167	0	11.2633	0	1980
10.8167	0	11.2633	0	1984
10.91	0	11.59	0	1988
10.91	0	11.59	0	1992
10.91	0	11.59	0	1996
10.91	0	11.59	0	2000
10.8733	0	11.4633	0	2004
10.8767	0	11.4633	0	2008
10.8767	0	11.4633	0	2012
10.8767	0	11.4633	0	2016
10.8367	0	11.3333	0	2020
10.8367	0	11.3333	0	2024
10.8367	0	11.3333	0	2028
10.8367	0	11.3333	0	2032
10.8167	0	11.2633	0	2036
10.8167	0	11.2633	0	2040
10.8167	0	11.2633	0	2044
10.8167	0	11.2633	0	2048
11.39	0	13.4767	0	2052
11.39	0	13.4767	0	2056
11.39	0	13.48	0	2060
11.39	0	13.4833	0	2064
11.27	0	12.96	0	2068
11.27	0	12.96	0	2072
11.27	0	12.9633	0	2076
11.27	0	12.9633	0	2080
11.15	0	12.4667	0	2084
11.15	0	12.47	0	2088
11.15	0	12.47	0	2092
11.15	0	12.47	0	2096
11.0867	0	12.22	0	2100
11.0867	0	12.22	0	2104
11.0867	0	12.22	0	2108
11.0867	0	12.22	0	2112
11.3933	0	13.4967	0	2116
11.3933	0	13.4967	0	2120
11.3967	0	13.5	0	2124
11.3967	0	13.5033	0	2128
11.27	0	12.9733	0	2132
11.27	0	12.9733	0	2136
11.2733	0	12.9733	0	2140
11.2733	0	12.9767	0	2144
11.15	0	12.4733	0	2148
11.15	0	12.4733	0	2152
11.15	0	12.4733	0	2156
11.15	0	12.4767	0	2160
11.0867	0	12.2233	0	2164
11.0867	0	12.2233	0	2168
11.0867	0	12.2233	0	2172
11.0867	0	12.2233	0	2176
11.41	0	13.56	0	2180
11.41	0	13.56	0	2184
11.41	0	13.5633	0	2188
11.41	0	13.5667	0	2192
11.28	0	13.0067	0	2196
11.28	0	13.0067	0	2200
11.28	0	13.0067	0	2204
11.28	0	13.01	0	2208
11.1533	0	12.49	0	2212
11.1533	0	12.49	0	2216
11.1533	0	12.49	0	2220
11.1533	0	12.49	0	2224
11.09	0	12.2333	0	2228
11.09	0	12.2333	0	2232
11.09	0	12.2333	0	2236
11.09	0	12.2333	0	2240
11.43	0	13.6567	0	2244
11.43	0	13.6567	0	2248
11.4333	0	13.66	0	2252
11.4333	0	13.6667	0	2256
11.2933	0	13.0567	0	2260
11.2933	0	13.0567	0	2264
11.2933	0	13.0567	0	2268
11.2933	0	13.06	0	2272
11.16	0	12.5133	0	2276
11.16	0	12.5133	0	2280
11.16	0	12.5133	0	2284
11.16	0	12.5133	0	2288
11.0933	15.98	12.2467	17.1033	2292
11.0933	0	12.2467	0	2296
11.0933	0	12.2467	0	2300
11.0933	0	12.2467	0	2304
11.17	0	12.5833	0	2308
11.17	0	12.5833	0	2312
11.17	0	12.5833	0	2316
11.17	0	12.5867	0	2320
11.0933	0	12.2667	0	2324
11.0933	0	12.2667	0	2328
11.0933	0	12.2667	0	2332
11.0933	0	12.2667	0	2336
11.0133	0	11.9567	0	2340
11.0133	0	11.9567	0	2344
11.0133	0	11.9567	0	2348
11.0133	0	11.9567	0	2352
10.97	0	11.7933	0	2356
10.97	0	11.7967	0	2360
10.97	0	11.7967	0	2364
10.9733	0	11.7967	0	2368
11.1733	0	12.59	0	2372
11.1733	0	12.59	0	2376
11.1733	0	12.5933	0	2380
11.1733	0	12.5933	0	2384
11.0933	0	12.27	0	2388
11.0933	0	12.27	0	2392
11.0933	0	12.27	0	2396
11.0933	0	12.2733	0	2400
11.0133	0	11.9567	0	2404
11.0133	0	11.9567	0	2408
11.0133	0	11.96	0	2412
11.0167	0	11.96	0	2416
10.9733	0	11.7967	0	2420
10.9733	0	11.7967	0	2424
10.9733	0	11.7967	0	2428
10.9733	0	11.7967	0	2432
11.1767	0	12.6133	0	2436
11.1767	0	12.6133	0	2440
11.1767	0	12.6133	0	2444
11.18	0	12.6167	0	2448
11.0967	0	12.2833	0	2452
11.0967	0	12.2833	0	2456
11.0967	0	12.2833	0	2460
11.0967	0	12.2833	0	2464
11.0167	0	11.9633	0	2468
11.0167	0	11.9633	0	2472
11.0167	0	11.9633	0	2476
11.0167	0	11.9667	0	2480
10.9733	0	11.8	0	2484
10.9733	0	11.8	0	2488
10.9733	0	11.8	0	2492
10.9733	0	11.8	0	2496
11.1867	0	12.6467	0	2500
11.1867	0	12.6467	0	2504
11.1867	0	12.65	0	2508
11.1867	0	12.65	0	2512
11.1033	0	12.3	0	2516
11.1033	0	12.3033	0	2520
11.1033	0	12.3033	0	2524
11.1033	0	12.3033	0	2528
11.02	0	11.9733	0	2532
11.02	0	11.9733	0	2536
11.02	0	11.9733	0	2540
11.02	0	11.9733	0	2544
10.9733	0	11.8067	0	2548
10.9733	0	11.8067	0	2552
10.9733	0	11.8067	0	2556
10.9767	0	11.8067	0	2560
10.9867	0	11.8767	0	2564
10.9867	0	11.8767	0	2568
10.9867	0	11.8767	0	2572
10.9867	0	11.8767	0	2576
10.9433	0	11.7	0	2580
10.9433	0	11.7033	0	2584
10.9433	0	11.7033	0	2588
10.9433	0	11.7033	0	2592
10.8933	0	11.5233	0	2596
10.8933	0	11.5233	0	2600
10.8933	0	11.5233	0	2604
10.8933	0	11.5267	0	2608
10.8667	0	11.43	0	2612
10.8667	0	11.43	0	2616
10.8667	0	11.43	0	2620
10.8667	0	11.43	0	2624
10.9867	0	11.88	0	2628
10.9867	0	11.88	0	2632
10.9867	0	11.88	0	2636
10.99	0	11.88	0	2640
10.9433	0	11.7033	0	2644
10.9433	0	11.7033	0	2648
10.9433	0	11.7033	0	2652
10.9433	0	11.7033	0	2656
10.8933	0	11.5233	0	2660
10.8933	0	11.5233	0	2664
10.8933	0	11.5267	0	2668
10.8933	0	11.5267	0	2672
10.8667	0	11.43	0	2676
10.8667	0	11.43	0	2680
10.8667	0	11.43	0	2684
10.8667	0	11.43	0	2688
10.99	0	11.8867	0	2692
10.99	0	11.8867	0	2696
10.99	0	11.8867	0	2700
10.99	0	11.8867	0	2704
10.9433	0	11.7067	0	2708
10.9433	0	11.7067	0	2712
10.9433	0	11.7067	0	2716
10.9433	0	11.7067	0	2720
10.8933	0	11.5267	0	2724
10.8933	0	11.5267	0	2728
10.8967	0	11.5267	0	2732
10.8967	0	11.5267	0	2736
10.8667	0	11.43	0	2740
10.8667	0	11.43	0	2744
10.8667	0	11.43	0	2748
10.8667	0	11.4333	0	2752
10.9933	0	11.8933	0	2756
10.9933	0	11.8933	0	2760
10.9933	0	11.8933	0	2764
10.9933	0	11.8967	0	2768
10.9467	0	11.7133	0	2772
10.9467	0	11.7133	0	2776
10.9467	0	11.7133	0	2780
10.9467	0	11.7133	0	2784
10.8967	0	11.53	0	2788
10.8967	0	11.53	0	2792
10.8967	0	11.53	0	2796
10.8967	0	11.53	0	2800
10.8667	0	11.4333	0	2804
10.8667	0	11.4333	0	2808
10.87	0	11.4333	0	2812
10.87	0	11.4333	0	2816
10.9067	0	11.5833	0	2820
10.9067	0	11.5833	0	2824
10.9067	0	11.5833	0	2828
10.9067	0	11.5833	0	2832
10.8733	0	11.46	0	2836
10.8733	0	11.46	0	2840
10.8733	0	11.46	0	2844
10.8733	0	11.46	0	2848
10.8367	0	11.33	0	2852
10.8367	0	11.33	0	2856
10.8367	0	11.33	0	2860
10.8367	0	11.3333	0	2864
10.8167	0	11.2633	0	2868
10.8167	0	11.2633	0	2872
10.8167	0	11.2633	0	2876
10.8167	0	11.2633	0	2880
10.9067	0	11.5833	0	2884
10.9067	0	11.5833	0	2888
10.9067	0	11.5833	0	2892
10.9067	0	11.5833	0	2896
10.8733	0	11.46	0	2900
10.8733	0	11.46	0	2904
10.8733	0	11.46	0	2908
10.8733	0	11.46	0	2912
10.8367	0	11.33	0	2916
10.8367	0	11.3333	0	2920
10.8367	0	11.3333	0	2924
10.8367	0	11.3333	0	2928
10.8167	0	11.2633	0	2932
10.8167	0	11.2633	0	2936
10.8167	0	11.2633	0	2940
10.8167	0	11.2633	0	2944
10.9067	0	11.5867	0	2948
10.9067	0	11.5867	0	2952
10.9067	0	11.5867	0	2956
10.91	0	11.5867	0	2960
10.8733	0	11.46	0	2964
10.8733	0	11.46	0	2968
10.8733	0	11.46	0	2972
10.8733	0	11.4633	0	2976
10.8367	0	11.3333	0	2980
10.8367	0	11.3333	0	2984
10.8367	0	11.3333	0	2988
10.8367	0	11.3333	0	2992
10.8167	0	11.2633	0	2996
10.8167	0	11.2633	0	3000
10.8167	0	11.2633	0	3004
10.8167	0	11.2633	0	3008
10.91	0	11.59	0	3012
10.91	0	11.59	0	3016
10.91	0	11.59	0	3020
10.91	0	11.59	0	3024
10.8767	0	11.4633	0	3028
10.8767	0	11.4633	0	3032
10.8767	0	11.4633	0	3036
10.8767	0	11.4633	0	3040
10.8367	0	11.3333	0	3044
10.8367	0	11.3333	0	3048
10.8367	0	11.3333	0	3052
10.84	0	11.3333	0	3056
10.8167	14.5967	11.2633	15.3967	3060
10.8167	0	11.2633	0	3064
10.8167	0	11.2633	0	3068
10.8167	0	11.2633	0	3072
11.39	0	13.4767	0	3076
11.39	0	13.48	0	3080
11.3933	0	13.4867	0	3084
11.3967	0	13.4967	0	3088
11.27	0	12.9633	0	3092
11.27	0	12.9633	0	3096
11.27	0	12.9667	0	3100
11.2733	0	12.97	0	3104
11.15	0	12.47	0	3108
11.15	0	12.47	0	3112
11.15	0	12.47	0	3116
11.15	0	12.4733	0	3120
11.0867	0	12.22	0	3124
11.0867	0	12.22	0	3128
11.0867	0	12.22	0	3132
11.0867	0	12.22	0	3136
11.3933	0	13.5	0	3140
11.3967	0	13.5	0	3144
11.3967	0	13.51	0	3148
11.4	0	13.52	0	3152
11.2733	0	12.9733	0	3156
11.2733	0	12.9733	0	3160
11.2733	0	12.9767	0	3164
11.2733	0	12.9833	0	3168
11.15	0	12.4733	0	3172
11.15	0	12.4733	0	3176
11.15	0	12.4767	0	3180
11.1533	0	12.4767	0	3184
11.0867	0	12.2233	0	3188
11.0867	0	12.2233	0	3192
11.0867	0	12.2233	0	3196
11.0867	0	12.2267	0	3200
11.41	0	13.5633	0	3204
11.41	0	13.5633	0	3208
11.4133	0	13.5733	0	3212
11.4167	0	13.5867	0	3216
11.28	0	13.0067	0	3220
11.28	0	13.0067	0	3224
11.28	0	13.01	0	3228
11.2833	0	13.0167	0	3232
11.1533	0	12.49	0	3236
11.1533	0	12.49	0	3240
11.1567	0	12.4933	0	3244
11.1567	0	12.4933	0	3248
11.09	0	12.2333	0	3252
11.09	0	12.2333	0	3256
11.09	0	12.2333	0	3260
11.09	0	12.2367	0	3264
11.4333	0	13.66	0	3268
11.4333	0	13.6633	0	3272
11.4367	0	13.6733	0	3276
11.44	0	13.69	0	3280
11.2933	0	13.0567	0	3284
11.2933	0	13.06	0	3288
11.2933	0	13.0633	0	3292
11.2967	0	13.0667	0	3296
11.16	0	12.5133	0	3300
11.16	0	12.5133	0	3304
11.16	0	12.5167	0	3308
11.1633	0	12.5167	0	3312
11.0933	0	12.2467	0	3316
11.0933	0	12.2467	0	3320
11.0933	0	12.2467	0	3324
11.0933	0	12.25	0	3328
11.17	0	12.5833	0	3332
11.17	0	12.5833	0	3336
11.17	0	12.5867	0	3340
11.1733	0	12.59	0	3344
11.0933	0	12.2667	0	3348
11.0933	0	12.2667	0	3352
11.0933	0	12.2667	0	3356
11.0933	0	12.27	0	3360
11.0133	0	11.9567	0	3364
11.0133	0	11.9567	0	3368
11.0133	0	11.9567	0	3372
11.0167	0	11.9567	0	3376
10.97	0	11.7967	0	3380
10.97	0	11.7967	0	3384
10.9733	0	11.7967	0	3388
10.9733	0	11.7967	0	3392
11.1733	0	12.5933	0	3396
11.1733	0	12.5933	0	3400
11.1733	0	12.5933	0	3404
11.1733	0	12.5967	0	3408
11.0933	0	12.27	0	3412
11.0933	0	12.27	0	3416
11.0933	0	12.2733	0	3420
11.0967	0	12.2733	0	3424
11.0133	0	11.9567	0	3428
11.0133	0	11.96	0	3432
11.0167	0	11.96	0	3436
11.0167	0	11.96	0	3440
10.9733	0	11.7967	0	3444
10.9733	0	11.7967	0	3448
10.9733	0	11.7967	0	3452
10.9733	0	11.7967	0	3456
11.1767	0	12.6133	0	3460
11.1767	0	12.6133	0	3464
11.18	0	12.6167	0	3468
11.18	0	12.62	0	3472
11.0967	0	12.2833	0	3476
11.0967	0	12.2833	0	3480
11.0967	0	12.2867	0	3484
11.1	0	12.2867	0	3488
11.0167	0	11.9633	0	3492
11.0167	0	11.9633	0	3496
11.0167	0	11.9667	0	3500
11.0167	0	11.9667	0	3504
10.9733	0	11.8	0	3508
10.9733	0	11.8	0	3512
10.9733	0	11.8	0	3516
10.9733	0	11.8033	0	3520
11.1867	0	12.6467	0	3524
11.1867	0	12.65	0	3528
11.1867	0	12.65	0	3532
11.1867	0	12.6533	0	3536
11.1033	0	12.3033	0	3540
11.1033	0	12.3033	0	3544
11.1033	0	12.3033	0	3548
11.1033	0	12.3067	0	3552
11.02	16.6067	11.9733	17.9233	3556
11.02	16.87	11.9733	18.2233	3560
11.02	0	11.9733	0	3564
11.02	0	11.9767	0	3568
10.9733	16.47	11.8067	17.6633	3572
10.9733	0	11.8067	0	3576
10.9767	0	11.8067	0	3580
10.9767	0	11.8067	0	3584
10.9867	0	11.8767	0	3588
10.9867	0	11.8767	0	3592
10.9867	0	11.8767	0	3596
10.99	0	11.88	0	3600
10.9433	0	11.7033	0	3604
10.9433	0	11.7033	0	3608
10.9433	0	11.7033	0	3612
10.9433	0	11.7033	0	3616
10.8933	0	11.5233	0	3620
10.8933	0	11.5233	0	3624
10.8933	0	11.5233	0	3628
10.8967	0	11.5267	0	3632
10.8667	0	11.43	0	3636
10.8667	0	11.43	0	3640
10.8667	0	11.43	0	3644
10.8667	0	11.43	0	3648
10.9867	0	11.88	0	3652
10.9867	0	11.88	0	3656
10.99	0	11.88	0	3660
10.99	0	11.88	0	3664
10.9433	0	11.7033	0	3668
10.9433	0	11.7033	0	3672
10.9433	0	11.7033	0	3676
10.9433	0	11.7033	0	3680
10.8933	0	11.5233	0	3684
10.8933	0	11.5267	0	3688
10.8933	0	11.5267	0	3692
10.8967	0	11.5267	0	3696
10.8667	0	11.43	0	3700
10.8667	0	11.43	0	3704
10.8667	0	11.43	0	3708
10.87	0	11.43	0	3712
10.99	16.1667	11.8867	17.98	3716
10.99	0	11.8867	0	3720
10.99	0	11.8867	0	3724
10.99	0	11.8867	0	3728
10.9433	0	11.7067	0	3732
10.9433	0	11.7067	0	3736
10.9433	0	11.7067	0	3740
10.9433	0	11.7067	0	3744
10.8933	0	11.5267	0	3748
10.8967	0	11.5267	0	3752
10.8967	0	11.5267	0	3756
10.8967	0	11.5267	0	3760
10.8667	0	11.43	0	3764
10.8667	0	11.43	0	3768
10.8667	0	11.4333	0	3772
10.87	0	11.4333	0	3776
10.9933	0	11.8933	0	3780
10.9933	0	11.8933	0	3784
10.9933	0	11.8967	0	3788
10.9933	0	11.8967	0	3792
10.9467	15.02	11.7133	16.3367	3796
10.9467	14.9867	11.7133	16.4433	3800
10.9467	15.51	11.7133	16.9667	3804
10.9467	0	11.7133	0	3808
10.8967	14.47	11.53	15.7533	3812
10.8967	14.6867	11.53	16.04	3816
10.8967	16.25	11.53	17.31	3820
10.8967	0	11.53	0	3824
10.8667	14.49	11.4333	15.6567	3828
10.87	15.1833	11.4333	16.2733	3832
10.87	0	11.4333	0	3836
10.87	0	11.4333	0	3840
10.9067	0	11.5833	0	3844
10.9067	0	11.5833	0	3848
10.9067	0	11.5833	0	3852
10.9067	0	11.5833	0	3856
10.8733	0	11.46	0	3860
10.8733	0	11.46	0	3864
10.8733	0	11.46	0	3868
10.8733	0	11.46	0	3872
10.8367	0	11.33	0	3876
10.8367	0	11.33	0	3880
10.8367	0	11.3333	0	3884
10.8367	0	11.3333	0	3888
10.8167	0	11.2633	0	3892
10.8167	0	11.2633	0	3896
10.8167	0	11.2633	0	3900
10.8167	0	11.2633	0	3904
10.9067	0	11.5833	0	3908
10.9067	0	11.5833	0	3912
10.9067	0	11.5833	0	3916
10.9067	0	11.5833	0	3920
10.8733	0	11.46	0	3924
10.8733	0	11.46	0	3928
10.8733	0	11.46	0	3932
10.8733	0	11.46	0	3936
10.8367	0	11.3333	0	3940
10.8367	0	11.3333	0	3944
10.8367	0	11.3333	0	3948
10.84	0	11.3333	0	3952
10.8167	0	11.2633	0	3956
10.8167	0	11.2633	0	3960
10.8167	0	11.2633	0	3964
10.8167	0	11.2633	0	3968
10.9067	15.3067	11.5867	16.93	3972
10.9067	15.72	11.5867	17.23	3976
10.91	0	11.5867	0	3980
10.91	0	11.5867	0	3984
10.8733	16.0367	11.46	17.2233	3988
10.8733	0	11.46	0	3992
10.8733	0	11.4633	0	3996
10.8767	0	11.4633	0	4000
10.8367	0	11.3333	0	4004
10.8367	0	11.3333	0	4008
10.8367	0	11.3333	0	4012
10.84	0	11.3333	0	4016
10.8167	0	11.2633	0	4020
10.8167	0	11.2633	0	4024
10.8167	0	11.2633	0	4028
10.8167	0	11.2633	0	4032
10.91	0	11.59	0	4036
10.91	0	11.59	0	4040
10.91	0	11.59	0	4044
10.91	0	11.59	0	4048
10.8767	14.08	11.4633	15.3067	4052
10.8767	14.0733	11.4633	15.4367	4056
10.8767	14.53	11.4633	15.89	4060
10.8767	0	11.4633	0	4064
10.8367	13.7833	11.3333	14.9533	4068
10.8367	14.08	11.3333	15.2733	4072
10.84	15.3	11.3333	16.2667	4076
10.84	0	11.3367	0	4080
10.8167	13.89	11.2633	14.9333	4084
10.8167	14.55	11.2633	15.51	4088
10.8167	0	11.2633	0	4092
10.8167	0	11.2633	0	4096
