0.5	1	1	1	1	1	1
0.6	1	1	1	1	1	2
0.7	1	1	1	1	1	3
0.8	1	1	1	1	1	4
0.9	1	1	1	1	1	5
1	1	1	1	1	1	6
1.1	1	1	1	1	1	7
1.2	1	1	1	1	1	8
1.3	1	1	1	1	1	9
1.4	1	1	1	1	1	10
1.5	1	1	1	1	1	11
1.6	1	1	1	1	1	12
1.7	1	1	1	1	1	13
1.8	1	1	1	1	1	14
1.9	1	1	1	1	1	15
2	1	1	1	1	1	16
2.1	1	1	1	1	1	17
2.2	1	1	1	1	1	18
2.3	1	1	1	1	1	19
2.4	1	1	1	1	1	20
2.5	1	1	1	1	1	21
2.6	1	1	1	1	1	22
2.7	1	1	1	1	1	23
2.8	1	1	1	1	1	24
2.9	1	1	1	1	1	25
3	1	1	1	1	1	26
3.1	1	1	1	1	1	27
3.2	1	1	1	1	1	28
3.3	1	1	1	1	1	29
3.4	1	1	1	1	1	30
3.5	1	1	1	1	1	31
3.6	1	1	1	1	1	32
3.7	1	1	1	1	1	33
3.8	1	1	1	1	1	34
3.9	1	1	1	1	1	35
4	1	1	1	1	1	36
4.1	1	1	1	1	1	37
4.2	1	1	1	1	1	38
4.3	1	1	1	1	1	39
4.4	1	1	1	1	1	40
4.5	1	1	1	1	1	41
4.75	1	1	1	1	1	42
5	1	1	1	1	1	43
5.25	1	1	1	1	1	44
5.5	1	1	1	1	1	45
5.75	1	1	1	1	1	46
6	1	1	1	1	1	47
6.25	1	1	1	1	1	48
6.5	1	1	1	1	1	49
6.75	1	1	1	1	1	50
7	1	1	1	1	1	51
7.25	1	1	1	1	1	52
7.5	1	1	1	1	1	53
7.75	1	1	1	1	1	54
8	1	1	1	1	1	55
8.25	1	1	1	1	1	56
8.5	1	1	1	1	1	57
8.75	1	1	1	1	1	58
9	1	1	1	1	1	59
9.25	1	1	1	1	1	60
9.5	1	1	1	1	1	61
9.75	1	1	1	1	1	62
10	1	1	1	1	1	63
10.25	1	1	1	1	1	64
10.5	1	1	1	1	1	65
10.75	1	1	1	1	1	66
11	1	1	1	1	1	67
11.25	1	1	1	1	1	68
11.5	1	1	1	1	1	69
11.75	1	1	1	1	1	70
12	1	1	1	1	1	71
12.25	1	1	1	1	1	72
12.5	1	1	1	1	1	73
12.75	1	1	1	1	1	74
13	1	1	1	1	1	75
13.25	1	1	1	1	1	76
13.5	1	1	1	1	1	77
13.75	1	1	1	1	1	78
14	1	1	1	1	1	79
14.25	1	1	1	1	1	80
14.5	1	1	1	1	1	81
14.75	1	1	1	1	1	82
15	1	1	1	1	1	83
15.25	1	1	1	1	1	84
15.5	1	1	1	1	1	85
15.75	1	1	1	1	1	86
16	1	1	1	1	1	87
16.25	1	1	1	1	1	88
16.5	1	1	1	1	1	89
0.816551651	1	1	1	1	1	90
1.224870214	1	1	1	1	1	91
1.500179685	1	1	1	1	1	92
1.837369429	1	1	1	1	1	93
2.250348044	1	1	1	1	1	94
0.707090101	1	1	1	1	1	95
1.414113481	1	1	1	1	1	96
1.999811287	1	1	1	1	1	97
2.828093527	1	1	1	1	1	98
3.999433873	1	1	1	1	1	99
0.577288987	1	1	1	1	1	100
1.731845679	1	1	1	1	1	101
2.999626276	1	1	1	1	1	102
5.195473191	1	1	1	1	1	103
8.998768245	1	1	1	1	1	104
0.499926415	1	1	1	1	1	105
1.999117112	1	1	1	1	1	106
3.997645804	1	1	1	1	1	107
7.994114943	1	1	1	1	1	108
15.9858769	1	1	1	1	1	109
1	0.5	1	1	1	1	110
1	0.6	1	1	1	1	111
1	0.7	1	1	1	1	112
1	0.8	1	1	1	1	113
1	0.9	1	1	1	1	114
1	1	1	1	1	1	115
1	1.1	1	1	1	1	116
1	1.2	1	1	1	1	117
1	1.3	1	1	1	1	118
1	1.4	1	1	1	1	119
1	1.5	1	1	1	1	120
1	1.6	1	1	1	1	121
1	1.7	1	1	1	1	122
1	1.8	1	1	1	1	123
1	1.9	1	1	1	1	124
1	2	1	1	1	1	125
1	2.1	1	1	1	1	126
1	2.2	1	1	1	1	127
1	2.3	1	1	1	1	128
1	2.4	1	1	1	1	129
1	2.5	1	1	1	1	130
1	2.6	1	1	1	1	131
1	2.7	1	1	1	1	132
1	2.8	1	1	1	1	133
1	2.9	1	1	1	1	134
1	3	1	1	1	1	135
1	3.1	1	1	1	1	136
1	3.2	1	1	1	1	137
1	3.3	1	1	1	1	138
1	3.4	1	1	1	1	139
1	3.5	1	1	1	1	140
1	3.6	1	1	1	1	141
1	3.7	1	1	1	1	142
1	3.8	1	1	1	1	143
1	3.9	1	1	1	1	144
1	4	1	1	1	1	145
1	4.1	1	1	1	1	146
1	4.2	1	1	1	1	147
1	4.3	1	1	1	1	148
1	4.4	1	1	1	1	149
1	4.5	1	1	1	1	150
1	4.75	1	1	1	1	151
1	5	1	1	1	1	152
1	5.25	1	1	1	1	153
1	5.5	1	1	1	1	154
1	5.75	1	1	1	1	155
1	6	1	1	1	1	156
1	6.25	1	1	1	1	157
1	6.5	1	1	1	1	158
1	6.75	1	1	1	1	159
1	7	1	1	1	1	160
1	7.25	1	1	1	1	161
1	7.5	1	1	1	1	162
1	7.75	1	1	1	1	163
1	8	1	1	1	1	164
1	8.25	1	1	1	1	165
1	8.5	1	1	1	1	166
1	8.75	1	1	1	1	167
1	9	1	1	1	1	168
1	9.25	1	1	1	1	169
1	9.5	1	1	1	1	170
1	9.75	1	1	1	1	171
1	10	1	1	1	1	172
1	10.25	1	1	1	1	173
1	10.5	1	1	1	1	174
1	10.75	1	1	1	1	175
1	11	1	1	1	1	176
1	11.25	1	1	1	1	177
1	11.5	1	1	1	1	178
1	11.75	1	1	1	1	179
1	12	1	1	1	1	180
1	12.25	1	1	1	1	181
1	12.5	1	1	1	1	182
1	12.75	1	1	1	1	183
1	13	1	1	1	1	184
1	13.25	1	1	1	1	185
1	13.5	1	1	1	1	186
1	13.75	1	1	1	1	187
1	14	1	1	1	1	188
1	14.25	1	1	1	1	189
1	14.5	1	1	1	1	190
1	14.75	1	1	1	1	191
1	15	1	1	1	1	192
1	15.25	1	1	1	1	193
1	15.5	1	1	1	1	194
1	15.75	1	1	1	1	195
1	16	1	1	1	1	196
1	16.25	1	1	1	1	197
1	16.5	1	1	1	1	198
1	0.816551651	1	1	1	1	199
1	1.224870214	1	1	1	1	200
1	1.500179685	1	1	1	1	201
1	1.837369429	1	1	1	1	202
1	2.250348044	1	1	1	1	203
1	0.707090101	1	1	1	1	204
1	1.414113481	1	1	1	1	205
1	1.999811287	1	1	1	1	206
1	2.828093527	1	1	1	1	207
1	3.999433873	1	1	1	1	208
1	0.577288987	1	1	1	1	209
1	1.731845679	1	1	1	1	210
1	2.999626276	1	1	1	1	211
1	5.195473191	1	1	1	1	212
1	8.998768245	1	1	1	1	213
1	0.499926415	1	1	1	1	214
1	1.999117112	1	1	1	1	215
1	3.997645804	1	1	1	1	216
1	7.994114943	1	1	1	1	217
1	15.9858769	1	1	1	1	218
1	1	0.5	1	1	1	219
1	1	0.6	1	1	1	220
1	1	0.7	1	1	1	221
1	1	0.8	1	1	1	222
1	1	0.9	1	1	1	223
1	1	1	1	1	1	224
1	1	1.1	1	1	1	225
1	1	1.2	1	1	1	226
1	1	1.3	1	1	1	227
1	1	1.4	1	1	1	228
1	1	1.5	1	1	1	229
1	1	1.6	1	1	1	230
1	1	1.7	1	1	1	231
1	1	1.8	1	1	1	232
1	1	1.9	1	1	1	233
1	1	2	1	1	1	234
1	1	2.1	1	1	1	235
1	1	2.2	1	1	1	236
1	1	2.3	1	1	1	237
1	1	2.4	1	1	1	238
1	1	2.5	1	1	1	239
1	1	2.6	1	1	1	240
1	1	2.7	1	1	1	241
1	1	2.8	1	1	1	242
1	1	2.9	1	1	1	243
1	1	3	1	1	1	244
1	1	3.1	1	1	1	245
1	1	3.2	1	1	1	246
1	1	3.3	1	1	1	247
1	1	3.4	1	1	1	248
1	1	3.5	1	1	1	249
1	1	3.6	1	1	1	250
1	1	3.7	1	1	1	251
1	1	3.8	1	1	1	252
1	1	3.9	1	1	1	253
1	1	4	1	1	1	254
1	1	4.1	1	1	1	255
1	1	4.2	1	1	1	256
1	1	4.3	1	1	1	257
1	1	4.4	1	1	1	258
1	1	4.5	1	1	1	259
1	1	4.75	1	1	1	260
1	1	5	1	1	1	261
1	1	5.25	1	1	1	262
1	1	5.5	1	1	1	263
1	1	5.75	1	1	1	264
1	1	6	1	1	1	265
1	1	6.25	1	1	1	266
1	1	6.5	1	1	1	267
1	1	6.75	1	1	1	268
1	1	7	1	1	1	269
1	1	7.25	1	1	1	270
1	1	7.5	1	1	1	271
1	1	7.75	1	1	1	272
1	1	8	1	1	1	273
1	1	8.25	1	1	1	274
1	1	8.5	1	1	1	275
1	1	8.75	1	1	1	276
1	1	9	1	1	1	277
1	1	9.25	1	1	1	278
1	1	9.5	1	1	1	279
1	1	9.75	1	1	1	280
1	1	10	1	1	1	281
1	1	10.25	1	1	1	282
1	1	10.5	1	1	1	283
1	1	10.75	1	1	1	284
1	1	11	1	1	1	285
1	1	11.25	1	1	1	286
1	1	11.5	1	1	1	287
1	1	11.75	1	1	1	288
1	1	12	1	1	1	289
1	1	12.25	1	1	1	290
1	1	12.5	1	1	1	291
1	1	12.75	1	1	1	292
1	1	13	1	1	1	293
1	1	13.25	1	1	1	294
1	1	13.5	1	1	1	295
1	1	13.75	1	1	1	296
1	1	14	1	1	1	297
1	1	14.25	1	1	1	298
1	1	14.5	1	1	1	299
1	1	14.75	1	1	1	300
1	1	15	1	1	1	301
1	1	15.25	1	1	1	302
1	1	15.5	1	1	1	303
1	1	15.75	1	1	1	304
1	1	16	1	1	1	305
1	1	16.25	1	1	1	306
1	1	16.5	1	1	1	307
1	1	0.816551651	1	1	1	308
1	1	1.224870214	1	1	1	309
1	1	1.500179685	1	1	1	310
1	1	1.837369429	1	1	1	311
1	1	2.250348044	1	1	1	312
1	1	0.707090101	1	1	1	313
1	1	1.414113481	1	1	1	314
1	1	1.999811287	1	1	1	315
1	1	2.828093527	1	1	1	316
1	1	3.999433873	1	1	1	317
1	1	0.577288987	1	1	1	318
1	1	1.731845679	1	1	1	319
1	1	2.999626276	1	1	1	320
1	1	5.195473191	1	1	1	321
1	1	8.998768245	1	1	1	322
1	1	0.499926415	1	1	1	323
1	1	1.999117112	1	1	1	324
1	1	3.997645804	1	1	1	325
1	1	7.994114943	1	1	1	326
1	1	15.9858769	1	1	1	327
1	1	1	0.5	1	1	328
1	1	1	0.6	1	1	329
1	1	1	0.7	1	1	330
1	1	1	0.8	1	1	331
1	1	1	0.9	1	1	332
1	1	1	1	1	1	333
1	1	1	1.1	1	1	334
1	1	1	1.2	1	1	335
1	1	1	1.3	1	1	336
1	1	1	1.4	1	1	337
1	1	1	1.5	1	1	338
1	1	1	1.6	1	1	339
1	1	1	1.7	1	1	340
1	1	1	1.8	1	1	341
1	1	1	1.9	1	1	342
1	1	1	2	1	1	343
1	1	1	2.1	1	1	344
1	1	1	2.2	1	1	345
1	1	1	2.3	1	1	346
1	1	1	2.4	1	1	347
1	1	1	2.5	1	1	348
1	1	1	2.6	1	1	349
1	1	1	2.7	1	1	350
1	1	1	2.8	1	1	351
1	1	1	2.9	1	1	352
1	1	1	3	1	1	353
1	1	1	3.1	1	1	354
1	1	1	3.2	1	1	355
1	1	1	3.3	1	1	356
1	1	1	3.4	1	1	357
1	1	1	3.5	1	1	358
1	1	1	3.6	1	1	359
1	1	1	3.7	1	1	360
1	1	1	3.8	1	1	361
1	1	1	3.9	1	1	362
1	1	1	4	1	1	363
1	1	1	4.1	1	1	364
1	1	1	4.2	1	1	365
1	1	1	4.3	1	1	366
1	1	1	4.4	1	1	367
1	1	1	4.5	1	1	368
1	1	1	4.75	1	1	369
1	1	1	5	1	1	370
1	1	1	5.25	1	1	371
1	1	1	5.5	1	1	372
1	1	1	5.75	1	1	373
1	1	1	6	1	1	374
1	1	1	6.25	1	1	375
1	1	1	6.5	1	1	376
1	1	1	6.75	1	1	377
1	1	1	7	1	1	378
1	1	1	7.25	1	1	379
1	1	1	7.5	1	1	380
1	1	1	7.75	1	1	381
1	1	1	8	1	1	382
1	1	1	8.25	1	1	383
1	1	1	8.5	1	1	384
1	1	1	8.75	1	1	385
1	1	1	9	1	1	386
1	1	1	9.25	1	1	387
1	1	1	9.5	1	1	388
1	1	1	9.75	1	1	389
1	1	1	10	1	1	390
1	1	1	10.25	1	1	391
1	1	1	10.5	1	1	392
1	1	1	10.75	1	1	393
1	1	1	11	1	1	394
1	1	1	11.25	1	1	395
1	1	1	11.5	1	1	396
1	1	1	11.75	1	1	397
1	1	1	12	1	1	398
1	1	1	12.25	1	1	399
1	1	1	12.5	1	1	400
1	1	1	12.75	1	1	401
1	1	1	13	1	1	402
1	1	1	13.25	1	1	403
1	1	1	13.5	1	1	404
1	1	1	13.75	1	1	405
1	1	1	14	1	1	406
1	1	1	14.25	1	1	407
1	1	1	14.5	1	1	408
1	1	1	14.75	1	1	409
1	1	1	15	1	1	410
1	1	1	15.25	1	1	411
1	1	1	15.5	1	1	412
1	1	1	15.75	1	1	413
1	1	1	16	1	1	414
1	1	1	16.25	1	1	415
1	1	1	16.5	1	1	416
1	1	1	0.816551651	1	1	417
1	1	1	1.224870214	1	1	418
1	1	1	1.500179685	1	1	419
1	1	1	1.837369429	1	1	420
1	1	1	2.250348044	1	1	421
1	1	1	0.707090101	1	1	422
1	1	1	1.414113481	1	1	423
1	1	1	1.999811287	1	1	424
1	1	1	2.828093527	1	1	425
1	1	1	3.999433873	1	1	426
1	1	1	0.577288987	1	1	427
1	1	1	1.731845679	1	1	428
1	1	1	2.999626276	1	1	429
1	1	1	5.195473191	1	1	430
1	1	1	8.998768245	1	1	431
1	1	1	0.499926415	1	1	432
1	1	1	1.999117112	1	1	433
1	1	1	3.997645804	1	1	434
1	1	1	7.994114943	1	1	435
1	1	1	15.9858769	1	1	436
1	1	1	1	0.5	1	437
1	1	1	1	0.6	1	438
1	1	1	1	0.7	1	439
1	1	1	1	0.8	1	440
1	1	1	1	0.9	1	441
1	1	1	1	1	1	442
1	1	1	1	1.1	1	443
1	1	1	1	1.2	1	444
1	1	1	1	1.3	1	445
1	1	1	1	1.4	1	446
1	1	1	1	1.5	1	447
1	1	1	1	1.6	1	448
1	1	1	1	1.7	1	449
1	1	1	1	1.8	1	450
1	1	1	1	1.9	1	451
1	1	1	1	2	1	452
1	1	1	1	2.1	1	453
1	1	1	1	2.2	1	454
1	1	1	1	2.3	1	455
1	1	1	1	2.4	1	456
1	1	1	1	2.5	1	457
1	1	1	1	2.6	1	458
1	1	1	1	2.7	1	459
1	1	1	1	2.8	1	460
1	1	1	1	2.9	1	461
1	1	1	1	3	1	462
1	1	1	1	3.1	1	463
1	1	1	1	3.2	1	464
1	1	1	1	3.3	1	465
1	1	1	1	3.4	1	466
1	1	1	1	3.5	1	467
1	1	1	1	3.6	1	468
1	1	1	1	3.7	1	469
1	1	1	1	3.8	1	470
1	1	1	1	3.9	1	471
1	1	1	1	4	1	472
1	1	1	1	4.1	1	473
1	1	1	1	4.2	1	474
1	1	1	1	4.3	1	475
1	1	1	1	4.4	1	476
1	1	1	1	4.5	1	477
1	1	1	1	4.75	1	478
1	1	1	1	5	1	479
1	1	1	1	5.25	1	480
1	1	1	1	5.5	1	481
1	1	1	1	5.75	1	482
1	1	1	1	6	1	483
1	1	1	1	6.25	1	484
1	1	1	1	6.5	1	485
1	1	1	1	6.75	1	486
1	1	1	1	7	1	487
1	1	1	1	7.25	1	488
1	1	1	1	7.5	1	489
1	1	1	1	7.75	1	490
1	1	1	1	8	1	491
1	1	1	1	8.25	1	492
1	1	1	1	8.5	1	493
1	1	1	1	8.75	1	494
1	1	1	1	9	1	495
1	1	1	1	9.25	1	496
1	1	1	1	9.5	1	497
1	1	1	1	9.75	1	498
1	1	1	1	10	1	499
1	1	1	1	10.25	1	500
1	1	1	1	10.5	1	501
1	1	1	1	10.75	1	502
1	1	1	1	11	1	503
1	1	1	1	11.25	1	504
1	1	1	1	11.5	1	505
1	1	1	1	11.75	1	506
1	1	1	1	12	1	507
1	1	1	1	12.25	1	508
1	1	1	1	12.5	1	509
1	1	1	1	12.75	1	510
1	1	1	1	13	1	511
1	1	1	1	13.25	1	512
1	1	1	1	13.5	1	513
1	1	1	1	13.75	1	514
1	1	1	1	14	1	515
1	1	1	1	14.25	1	516
1	1	1	1	14.5	1	517
1	1	1	1	14.75	1	518
1	1	1	1	15	1	519
1	1	1	1	15.25	1	520
1	1	1	1	15.5	1	521
1	1	1	1	15.75	1	522
1	1	1	1	16	1	523
1	1	1	1	16.25	1	524
1	1	1	1	16.5	1	525
1	1	1	1	0.816551651	1	526
1	1	1	1	1.224870214	1	527
1	1	1	1	1.500179685	1	528
1	1	1	1	1.837369429	1	529
1	1	1	1	2.250348044	1	530
1	1	1	1	0.707090101	1	531
1	1	1	1	1.414113481	1	532
1	1	1	1	1.999811287	1	533
1	1	1	1	2.828093527	1	534
1	1	1	1	3.999433873	1	535
1	1	1	1	0.577288987	1	536
1	1	1	1	1.731845679	1	537
1	1	1	1	2.999626276	1	538
1	1	1	1	5.195473191	1	539
1	1	1	1	8.998768245	1	540
1	1	1	1	0.499926415	1	541
1	1	1	1	1.999117112	1	542
1	1	1	1	3.997645804	1	543
1	1	1	1	7.994114943	1	544
1	1	1	1	15.9858769	1	545
1	1	1	1	1	0.5	546
1	1	1	1	1	0.6	547
1	1	1	1	1	0.7	548
1	1	1	1	1	0.8	549
1	1	1	1	1	0.9	550
1	1	1	1	1	1	551
1	1	1	1	1	1.1	552
1	1	1	1	1	1.2	553
1	1	1	1	1	1.3	554
1	1	1	1	1	1.4	555
1	1	1	1	1	1.5	556
1	1	1	1	1	1.6	557
1	1	1	1	1	1.7	558
1	1	1	1	1	1.8	559
1	1	1	1	1	1.9	560
1	1	1	1	1	2	561
1	1	1	1	1	2.1	562
1	1	1	1	1	2.2	563
1	1	1	1	1	2.3	564
1	1	1	1	1	2.4	565
1	1	1	1	1	2.5	566
1	1	1	1	1	2.6	567
1	1	1	1	1	2.7	568
1	1	1	1	1	2.8	569
1	1	1	1	1	2.9	570
1	1	1	1	1	3	571
1	1	1	1	1	3.1	572
1	1	1	1	1	3.2	573
1	1	1	1	1	3.3	574
1	1	1	1	1	3.4	575
1	1	1	1	1	3.5	576
1	1	1	1	1	3.6	577
1	1	1	1	1	3.7	578
1	1	1	1	1	3.8	579
1	1	1	1	1	3.9	580
1	1	1	1	1	4	581
1	1	1	1	1	4.1	582
1	1	1	1	1	4.2	583
1	1	1	1	1	4.3	584
1	1	1	1	1	4.4	585
1	1	1	1	1	4.5	586
1	1	1	1	1	4.75	587
1	1	1	1	1	5	588
1	1	1	1	1	5.25	589
1	1	1	1	1	5.5	590
1	1	1	1	1	5.75	591
1	1	1	1	1	6	592
1	1	1	1	1	6.25	593
1	1	1	1	1	6.5	594
1	1	1	1	1	6.75	595
1	1	1	1	1	7	596
1	1	1	1	1	7.25	597
1	1	1	1	1	7.5	598
1	1	1	1	1	7.75	599
1	1	1	1	1	8	600
1	1	1	1	1	8.25	601
1	1	1	1	1	8.5	602
1	1	1	1	1	8.75	603
1	1	1	1	1	9	604
1	1	1	1	1	9.25	605
1	1	1	1	1	9.5	606
1	1	1	1	1	9.75	607
1	1	1	1	1	10	608
1	1	1	1	1	10.25	609
1	1	1	1	1	10.5	610
1	1	1	1	1	10.75	611
1	1	1	1	1	11	612
1	1	1	1	1	11.25	613
1	1	1	1	1	11.5	614
1	1	1	1	1	11.75	615
1	1	1	1	1	12	616
1	1	1	1	1	12.25	617
1	1	1	1	1	12.5	618
1	1	1	1	1	12.75	619
1	1	1	1	1	13	620
1	1	1	1	1	13.25	621
1	1	1	1	1	13.5	622
1	1	1	1	1	13.75	623
1	1	1	1	1	14	624
1	1	1	1	1	14.25	625
1	1	1	1	1	14.5	626
1	1	1	1	1	14.75	627
1	1	1	1	1	15	628
1	1	1	1	1	15.25	629
1	1	1	1	1	15.5	630
1	1	1	1	1	15.75	631
1	1	1	1	1	16	632
1	1	1	1	1	16.25	633
1	1	1	1	1	16.5	634
1	1	1	1	1	0.816551651	635
1	1	1	1	1	1.224870214	636
1	1	1	1	1	1.500179685	637
1	1	1	1	1	1.837369429	638
1	1	1	1	1	2.250348044	639
1	1	1	1	1	0.707090101	640
1	1	1	1	1	1.414113481	641
1	1	1	1	1	1.999811287	642
1	1	1	1	1	2.828093527	643
1	1	1	1	1	3.999433873	644
1	1	1	1	1	0.577288987	645
1	1	1	1	1	1.731845679	646
1	1	1	1	1	2.999626276	647
1	1	1	1	1	5.195473191	648
1	1	1	1	1	8.998768245	649
1	1	1	1	1	0.499926415	650
1	1	1	1	1	1.999117112	651
1	1	1	1	1	3.997645804	652
1	1	1	1	1	7.994114943	653
1	1	1	1	1	15.9858769	654
