2.250348044	2.250348044	15.9858769	15.9858769	3.999433873	2.250348044	245
2.250348044	2.250348044	15.9858769	8.998768245	2.250348044	2.250348044	225
2.250348044	2.250348044	15.9858769	15.9858769	3.999433873	3.999433873	246
2.250348044	2.250348044	15.9858769	8.998768245	2.250348044	3.999433873	226
2.250348044	2.250348044	15.9858769	15.9858769	3.999433873	8.998768245	247
2.250348044	2.250348044	15.9858769	8.998768245	2.250348044	8.998768245	227
2.250348044	2.250348044	15.9858769	15.9858769	3.999433873	15.9858769	248
3.999433873	2.250348044	15.9858769	15.9858769	2.250348044	2.250348044	1265
2.250348044	2.250348044	15.9858769	8.998768245	2.250348044	15.9858769	228
3.999433873	2.250348044	15.9858769	15.9858769	2.250348044	3.999433873	1266
2.250348044	2.250348044	15.9858769	8.998768245	3.999433873	2.250348044	229
2.250348044	2.250348044	15.9858769	8.998768245	3.999433873	3.999433873	230
2.250348044	2.250348044	15.9858769	8.998768245	3.999433873	8.998768245	231
3.999433873	2.250348044	15.9858769	15.9858769	2.250348044	8.998768245	1267
2.250348044	2.250348044	15.9858769	8.998768245	3.999433873	15.9858769	232
15.9858769	2.250348044	2.250348044	8.998768245	2.250348044	15.9858769	3108
15.9858769	2.250348044	2.250348044	15.9858769	3.999433873	15.9858769	3128
15.9858769	2.250348044	2.250348044	8.998768245	2.250348044	8.998768245	3107
15.9858769	2.250348044	2.250348044	15.9858769	3.999433873	8.998768245	3127
3.999433873	2.250348044	15.9858769	15.9858769	2.250348044	15.9858769	1268
15.9858769	2.250348044	2.250348044	15.9858769	3.999433873	3.999433873	3126
15.9858769	2.250348044	2.250348044	8.998768245	2.250348044	3.999433873	3106
15.9858769	2.250348044	2.250348044	15.9858769	3.999433873	2.250348044	3125
15.9858769	2.250348044	2.250348044	8.998768245	2.250348044	2.250348044	3105
8.998768245	2.250348044	2.250348044	8.998768245	15.9858769	15.9858769	2096
2.250348044	3.999433873	15.9858769	15.9858769	2.250348044	2.250348044	497
2.250348044	3.999433873	15.9858769	15.9858769	2.250348044	3.999433873	498
8.998768245	2.250348044	2.250348044	8.998768245	15.9858769	8.998768245	2095
8.998768245	2.250348044	3.999433873	15.9858769	8.998768245	8.998768245	2171
8.998768245	2.250348044	2.250348044	15.9858769	2.250348044	15.9858769	2100
15.9858769	3.999433873	2.250348044	15.9858769	3.999433873	15.9858769	3384
8.998768245	2.250348044	2.250348044	15.9858769	2.250348044	8.998768245	2099
8.998768245	2.250348044	2.250348044	8.998768245	15.9858769	3.999433873	2094
15.9858769	3.999433873	2.250348044	15.9858769	3.999433873	8.998768245	3383
15.9858769	3.999433873	2.250348044	8.998768245	2.250348044	15.9858769	3364
8.998768245	2.250348044	2.250348044	8.998768245	15.9858769	2.250348044	2093
15.9858769	3.999433873	2.250348044	15.9858769	3.999433873	3.999433873	3382
15.9858769	3.999433873	2.250348044	15.9858769	3.999433873	2.250348044	3381
8.998768245	2.250348044	2.250348044	15.9858769	2.250348044	3.999433873	2098
15.9858769	3.999433873	2.250348044	8.998768245	2.250348044	8.998768245	3363
8.998768245	2.250348044	2.250348044	15.9858769	2.250348044	2.250348044	2097
8.998768245	2.250348044	2.250348044	8.998768245	3.999433873	3.999433873	2086
8.998768245	2.250348044	2.250348044	8.998768245	2.250348044	15.9858769	2084
15.9858769	3.999433873	2.250348044	8.998768245	2.250348044	3.999433873	3362
15.9858769	3.999433873	2.250348044	8.998768245	2.250348044	2.250348044	3361
8.998768245	2.250348044	2.250348044	8.998768245	3.999433873	2.250348044	2085
8.998768245	3.999433873	3.999433873	15.9858769	8.998768245	15.9858769	2428
8.998768245	2.250348044	2.250348044	8.998768245	2.250348044	8.998768245	2083
8.998768245	2.250348044	3.999433873	15.9858769	8.998768245	3.999433873	2170
15.9858769	2.250348044	2.250348044	8.998768245	3.999433873	15.9858769	3112
2.250348044	3.999433873	15.9858769	15.9858769	2.250348044	8.998768245	499
8.998768245	2.250348044	2.250348044	3.999433873	2.250348044	15.9858769	2068
8.998768245	2.250348044	3.999433873	15.9858769	8.998768245	2.250348044	2169
8.998768245	2.250348044	2.250348044	15.9858769	3.999433873	15.9858769	2104
8.998768245	2.250348044	2.250348044	8.998768245	2.250348044	3.999433873	2082
15.9858769	2.250348044	2.250348044	8.998768245	3.999433873	8.998768245	3111
8.998768245	2.250348044	2.250348044	8.998768245	2.250348044	2.250348044	2081
8.998768245	2.250348044	2.250348044	15.9858769	3.999433873	8.998768245	2103
15.9858769	2.250348044	2.250348044	8.998768245	3.999433873	3.999433873	3110
8.998768245	2.250348044	3.999433873	3.999433873	2.250348044	2.250348044	2129
15.9858769	2.250348044	2.250348044	8.998768245	3.999433873	2.250348044	3109
8.998768245	2.250348044	2.250348044	15.9858769	3.999433873	3.999433873	2102
8.998768245	2.250348044	2.250348044	15.9858769	3.999433873	2.250348044	2101
8.998768245	3.999433873	2.250348044	8.998768245	3.999433873	8.998768245	2343
8.998768245	3.999433873	2.250348044	15.9858769	2.250348044	15.9858769	2356
15.9858769	2.250348044	2.250348044	3.999433873	2.250348044	15.9858769	3092
15.9858769	8.998768245	2.250348044	15.9858769	3.999433873	15.9858769	3640
15.9858769	8.998768245	2.250348044	15.9858769	3.999433873	8.998768245	3639
15.9858769	8.998768245	2.250348044	15.9858769	3.999433873	3.999433873	3638
15.9858769	8.998768245	2.250348044	15.9858769	3.999433873	2.250348044	3637
8.998768245	3.999433873	2.250348044	15.9858769	2.250348044	8.998768245	2355
8.998768245	2.250348044	2.250348044	3.999433873	2.250348044	8.998768245	2067
8.998768245	3.999433873	2.250348044	15.9858769	2.250348044	3.999433873	2354
8.998768245	3.999433873	2.250348044	15.9858769	2.250348044	2.250348044	2353
8.998768245	2.250348044	2.250348044	15.9858769	8.998768245	15.9858769	2108
15.9858769	8.998768245	2.250348044	8.998768245	2.250348044	15.9858769	3620
15.9858769	8.998768245	2.250348044	8.998768245	2.250348044	2.250348044	3617
15.9858769	8.998768245	2.250348044	8.998768245	2.250348044	3.999433873	3618
15.9858769	8.998768245	2.250348044	8.998768245	2.250348044	8.998768245	3619
2.250348044	3.999433873	15.9858769	15.9858769	3.999433873	2.250348044	501
8.998768245	3.999433873	2.250348044	8.998768245	8.998768245	15.9858769	2348
8.998768245	3.999433873	2.250348044	8.998768245	3.999433873	3.999433873	2342
8.998768245	3.999433873	2.250348044	8.998768245	2.250348044	15.9858769	2340
8.998768245	3.999433873	3.999433873	15.9858769	8.998768245	8.998768245	2427
15.9858769	2.250348044	2.250348044	3.999433873	2.250348044	8.998768245	3091
8.998768245	2.250348044	2.250348044	15.9858769	15.9858769	15.9858769	2112
8.998768245	2.250348044	2.250348044	15.9858769	8.998768245	8.998768245	2107
15.9858769	15.9858769	2.250348044	15.9858769	3.999433873	15.9858769	3896
8.998768245	3.999433873	2.250348044	8.998768245	3.999433873	2.250348044	2341
15.9858769	15.9858769	2.250348044	15.9858769	3.999433873	8.998768245	3895
8.998768245	3.999433873	2.250348044	8.998768245	8.998768245	8.998768245	2347
15.9858769	15.9858769	2.250348044	15.9858769	3.999433873	3.999433873	3894
15.9858769	15.9858769	2.250348044	15.9858769	3.999433873	2.250348044	3893
15.9858769	2.250348044	2.250348044	15.9858769	8.998768245	15.9858769	3132
8.998768245	2.250348044	2.250348044	3.999433873	2.250348044	3.999433873	2066
8.998768245	2.250348044	2.250348044	15.9858769	8.998768245	3.999433873	2106
8.998768245	2.250348044	2.250348044	15.9858769	15.9858769	8.998768245	2111
8.998768245	3.999433873	2.250348044	8.998768245	8.998768245	3.999433873	2346
8.998768245	2.250348044	2.250348044	15.9858769	8.998768245	2.250348044	2105
8.998768245	3.999433873	2.250348044	8.998768245	2.250348044	8.998768245	2339
8.998768245	3.999433873	2.250348044	8.998768245	8.998768245	2.250348044	2345
15.9858769	15.9858769	2.250348044	8.998768245	2.250348044	15.9858769	3876
8.998768245	2.250348044	2.250348044	3.999433873	2.250348044	2.250348044	2065
3.999433873	2.250348044	15.9858769	15.9858769	3.999433873	3.999433873	1270
8.998768245	3.999433873	2.250348044	8.998768245	15.9858769	15.9858769	2352
15.9858769	2.250348044	2.250348044	3.999433873	2.250348044	3.999433873	3090
15.9858769	2.250348044	2.250348044	15.9858769	8.998768245	8.998768245	3131
8.998768245	2.250348044	2.250348044	15.9858769	15.9858769	3.999433873	2110
15.9858769	15.9858769	2.250348044	8.998768245	2.250348044	8.998768245	3875
15.9858769	15.9858769	2.250348044	8.998768245	2.250348044	3.999433873	3874
15.9858769	15.9858769	2.250348044	8.998768245	2.250348044	2.250348044	3873
8.998768245	3.999433873	2.250348044	15.9858769	3.999433873	15.9858769	2360
8.998768245	2.250348044	2.250348044	15.9858769	15.9858769	2.250348044	2109
8.998768245	3.999433873	2.250348044	8.998768245	2.250348044	3.999433873	2338
8.998768245	3.999433873	3.999433873	15.9858769	8.998768245	3.999433873	2426
15.9858769	2.250348044	2.250348044	3.999433873	2.250348044	2.250348044	3089
2.250348044	3.999433873	15.9858769	15.9858769	3.999433873	3.999433873	502
8.998768245	3.999433873	2.250348044	8.998768245	2.250348044	2.250348044	2337
15.9858769	2.250348044	2.250348044	15.9858769	8.998768245	3.999433873	3130
8.998768245	3.999433873	2.250348044	8.998768245	15.9858769	8.998768245	2351
15.9858769	2.250348044	2.250348044	15.9858769	8.998768245	2.250348044	3129
8.998768245	3.999433873	2.250348044	15.9858769	3.999433873	8.998768245	2359
8.998768245	3.999433873	3.999433873	15.9858769	8.998768245	2.250348044	2425
8.998768245	3.999433873	2.250348044	3.999433873	3.999433873	8.998768245	2327
15.9858769	3.999433873	2.250348044	8.998768245	3.999433873	15.9858769	3368
8.998768245	3.999433873	2.250348044	15.9858769	3.999433873	3.999433873	2358
8.998768245	3.999433873	2.250348044	8.998768245	15.9858769	3.999433873	2350
8.998768245	3.999433873	2.250348044	15.9858769	3.999433873	2.250348044	2357
8.998768245	3.999433873	2.250348044	8.998768245	15.9858769	2.250348044	2349
15.9858769	3.999433873	2.250348044	8.998768245	3.999433873	8.998768245	3367
2.250348044	3.999433873	15.9858769	15.9858769	3.999433873	8.998768245	503
15.9858769	3.999433873	2.250348044	8.998768245	3.999433873	3.999433873	3366
15.9858769	3.999433873	2.250348044	8.998768245	3.999433873	2.250348044	3365
8.998768245	3.999433873	3.999433873	3.999433873	2.250348044	3.999433873	2386
8.998768245	8.998768245	3.999433873	15.9858769	8.998768245	15.9858769	2684
3.999433873	2.250348044	15.9858769	15.9858769	3.999433873	2.250348044	1269
8.998768245	8.998768245	2.250348044	8.998768245	3.999433873	15.9858769	2600
8.998768245	3.999433873	2.250348044	15.9858769	8.998768245	15.9858769	2364
8.998768245	3.999433873	2.250348044	3.999433873	3.999433873	3.999433873	2326
8.998768245	3.999433873	2.250348044	15.9858769	8.998768245	8.998768245	2363
8.998768245	3.999433873	2.250348044	3.999433873	2.250348044	15.9858769	2324
8.998768245	8.998768245	2.250348044	15.9858769	2.250348044	15.9858769	2612
8.998768245	3.999433873	2.250348044	15.9858769	15.9858769	15.9858769	2368
8.998768245	3.999433873	2.250348044	15.9858769	8.998768245	3.999433873	2362
8.998768245	3.999433873	2.250348044	15.9858769	8.998768245	2.250348044	2361
8.998768245	8.998768245	2.250348044	15.9858769	2.250348044	8.998768245	2611
8.998768245	3.999433873	2.250348044	3.999433873	3.999433873	2.250348044	2325
2.250348044	2.250348044	8.998768245	15.9858769	2.250348044	3.999433873	178
8.998768245	8.998768245	3.999433873	8.998768245	8.998768245	3.999433873	2666
8.998768245	8.998768245	2.250348044	15.9858769	2.250348044	3.999433873	2610
8.998768245	8.998768245	2.250348044	15.9858769	2.250348044	2.250348044	2609
8.998768245	3.999433873	2.250348044	15.9858769	15.9858769	8.998768245	2367
8.998768245	15.9858769	3.999433873	8.998768245	8.998768245	8.998768245	2923
2.250348044	2.250348044	8.998768245	15.9858769	2.250348044	2.250348044	177
8.998768245	3.999433873	3.999433873	3.999433873	2.250348044	2.250348044	2385
8.998768245	3.999433873	2.250348044	15.9858769	15.9858769	3.999433873	2366
8.998768245	8.998768245	2.250348044	8.998768245	3.999433873	8.998768245	2599
3.999433873	2.250348044	15.9858769	15.9858769	3.999433873	8.998768245	1271
8.998768245	3.999433873	2.250348044	15.9858769	15.9858769	2.250348044	2365
15.9858769	3.999433873	2.250348044	15.9858769	8.998768245	15.9858769	3388
8.998768245	8.998768245	3.999433873	15.9858769	8.998768245	8.998768245	2683
8.998768245	3.999433873	2.250348044	3.999433873	2.250348044	8.998768245	2323
8.998768245	2.250348044	8.998768245	15.9858769	3.999433873	15.9858769	2232
8.998768245	8.998768245	3.999433873	8.998768245	8.998768245	2.250348044	2665
15.9858769	3.999433873	2.250348044	3.999433873	2.250348044	15.9858769	3348
15.9858769	3.999433873	2.250348044	15.9858769	8.998768245	8.998768245	3387
8.998768245	8.998768245	2.250348044	8.998768245	2.250348044	15.9858769	2596
8.998768245	8.998768245	2.250348044	8.998768245	3.999433873	3.999433873	2598
15.9858769	3.999433873	2.250348044	15.9858769	8.998768245	3.999433873	3386
15.9858769	3.999433873	2.250348044	15.9858769	8.998768245	2.250348044	3385
8.998768245	8.998768245	2.250348044	8.998768245	3.999433873	2.250348044	2597
8.998768245	3.999433873	2.250348044	3.999433873	2.250348044	3.999433873	2322
8.998768245	8.998768245	3.999433873	15.9858769	8.998768245	3.999433873	2682
8.998768245	15.9858769	3.999433873	15.9858769	8.998768245	15.9858769	2940
8.998768245	2.250348044	15.9858769	8.998768245	3.999433873	3.999433873	2278
8.998768245	2.250348044	8.998768245	8.998768245	3.999433873	3.999433873	2214
8.998768245	8.998768245	2.250348044	8.998768245	2.250348044	8.998768245	2595
8.998768245	2.250348044	3.999433873	8.998768245	3.999433873	15.9858769	2152
15.9858769	3.999433873	2.250348044	3.999433873	2.250348044	8.998768245	3347
8.998768245	3.999433873	2.250348044	3.999433873	2.250348044	2.250348044	2321
8.998768245	2.250348044	3.999433873	8.998768245	2.250348044	15.9858769	2148
8.998768245	8.998768245	3.999433873	15.9858769	8.998768245	2.250348044	2681
2.250348044	3.999433873	15.9858769	15.9858769	2.250348044	15.9858769	500
8.998768245	2.250348044	3.999433873	15.9858769	3.999433873	15.9858769	2168
8.998768245	8.998768245	2.250348044	8.998768245	2.250348044	3.999433873	2594
8.998768245	8.998768245	2.250348044	8.998768245	2.250348044	2.250348044	2593
3.999433873	2.250348044	15.9858769	15.9858769	3.999433873	15.9858769	1272
8.998768245	3.999433873	3.999433873	15.9858769	15.9858769	15.9858769	2432
8.998768245	8.998768245	2.250348044	15.9858769	3.999433873	15.9858769	2616
15.9858769	3.999433873	2.250348044	3.999433873	2.250348044	3.999433873	3346
15.9858769	2.250348044	2.250348044	8.998768245	15.9858769	2.250348044	3117
8.998768245	15.9858769	2.250348044	8.998768245	3.999433873	15.9858769	2856
15.9858769	3.999433873	2.250348044	3.999433873	2.250348044	2.250348044	3345
8.998768245	8.998768245	2.250348044	15.9858769	3.999433873	8.998768245	2615
8.998768245	3.999433873	3.999433873	15.9858769	15.9858769	8.998768245	2431
8.998768245	2.250348044	15.9858769	15.9858769	3.999433873	15.9858769	2296
8.998768245	3.999433873	3.999433873	15.9858769	15.9858769	3.999433873	2430
8.998768245	8.998768245	2.250348044	15.9858769	3.999433873	3.999433873	2614
8.998768245	3.999433873	3.999433873	15.9858769	15.9858769	2.250348044	2429
8.998768245	8.998768245	2.250348044	15.9858769	3.999433873	2.250348044	2613
8.998768245	15.9858769	2.250348044	15.9858769	2.250348044	15.9858769	2868
8.998768245	2.250348044	8.998768245	8.998768245	3.999433873	2.250348044	2213
8.998768245	15.9858769	2.250348044	15.9858769	2.250348044	8.998768245	2867
15.9858769	8.998768245	2.250348044	8.998768245	3.999433873	15.9858769	3624
8.998768245	2.250348044	3.999433873	8.998768245	2.250348044	8.998768245	2147
8.998768245	15.9858769	3.999433873	15.9858769	8.998768245	8.998768245	2939
2.250348044	3.999433873	15.9858769	8.998768245	2.250348044	2.250348044	481
8.998768245	2.250348044	3.999433873	15.9858769	3.999433873	8.998768245	2167
8.998768245	15.9858769	2.250348044	15.9858769	2.250348044	3.999433873	2866
8.998768245	8.998768245	2.250348044	3.999433873	3.999433873	15.9858769	2584
8.998768245	8.998768245	2.250348044	8.998768245	8.998768245	15.9858769	2604
8.998768245	2.250348044	3.999433873	8.998768245	3.999433873	8.998768245	2151
8.998768245	15.9858769	2.250348044	15.9858769	2.250348044	2.250348044	2865
15.9858769	8.998768245	2.250348044	8.998768245	3.999433873	8.998768245	3623
15.9858769	8.998768245	2.250348044	8.998768245	3.999433873	3.999433873	3622
15.9858769	8.998768245	2.250348044	8.998768245	3.999433873	2.250348044	3621
3.999433873	2.250348044	15.9858769	8.998768245	2.250348044	8.998768245	1251
8.998768245	15.9858769	3.999433873	8.998768245	8.998768245	3.999433873	2922
8.998768245	8.998768245	2.250348044	8.998768245	8.998768245	8.998768245	2603
8.998768245	15.9858769	2.250348044	8.998768245	3.999433873	8.998768245	2855
8.998768245	8.998768245	2.250348044	8.998768245	8.998768245	3.999433873	2602
3.999433873	2.250348044	15.9858769	8.998768245	2.250348044	15.9858769	1252
8.998768245	8.998768245	2.250348044	8.998768245	8.998768245	2.250348044	2601
8.998768245	2.250348044	3.999433873	15.9858769	3.999433873	3.999433873	2166
15.9858769	2.250348044	3.999433873	15.9858769	15.9858769	15.9858769	3200
8.998768245	15.9858769	3.999433873	15.9858769	8.998768245	3.999433873	2938
8.998768245	2.250348044	3.999433873	8.998768245	2.250348044	3.999433873	2146
8.998768245	2.250348044	15.9858769	8.998768245	2.250348044	8.998768245	2275
8.998768245	15.9858769	2.250348044	8.998768245	3.999433873	3.999433873	2854
8.998768245	15.9858769	3.999433873	8.998768245	8.998768245	2.250348044	2921
8.998768245	2.250348044	3.999433873	15.9858769	3.999433873	2.250348044	2165
8.998768245	15.9858769	3.999433873	15.9858769	8.998768245	2.250348044	2937
8.998768245	2.250348044	3.999433873	8.998768245	3.999433873	3.999433873	2150
8.998768245	15.9858769	2.250348044	8.998768245	3.999433873	2.250348044	2853
8.998768245	2.250348044	3.999433873	8.998768245	2.250348044	2.250348044	2145
8.998768245	2.250348044	8.998768245	8.998768245	2.250348044	15.9858769	2212
8.998768245	15.9858769	2.250348044	8.998768245	2.250348044	15.9858769	2852
8.998768245	2.250348044	15.9858769	8.998768245	3.999433873	2.250348044	2277
8.998768245	2.250348044	3.999433873	8.998768245	3.999433873	2.250348044	2149
8.998768245	8.998768245	2.250348044	8.998768245	15.9858769	15.9858769	2608
8.998768245	8.998768245	2.250348044	15.9858769	8.998768245	15.9858769	2620
8.998768245	8.998768245	3.999433873	3.999433873	2.250348044	3.999433873	2642
8.998768245	3.999433873	8.998768245	3.999433873	2.250348044	2.250348044	2449
8.998768245	15.9858769	2.250348044	8.998768245	2.250348044	8.998768245	2851
8.998768245	2.250348044	3.999433873	15.9858769	2.250348044	15.9858769	2164
8.998768245	8.998768245	2.250348044	15.9858769	8.998768245	8.998768245	2619
8.998768245	8.998768245	2.250348044	8.998768245	15.9858769	8.998768245	2607
8.998768245	8.998768245	2.250348044	3.999433873	3.999433873	8.998768245	2583
8.998768245	8.998768245	2.250348044	15.9858769	8.998768245	3.999433873	2618
15.9858769	15.9858769	2.250348044	8.998768245	3.999433873	15.9858769	3880
8.998768245	8.998768245	2.250348044	15.9858769	8.998768245	2.250348044	2617
8.998768245	15.9858769	2.250348044	8.998768245	2.250348044	3.999433873	2850
8.998768245	8.998768245	2.250348044	8.998768245	15.9858769	3.999433873	2606
15.9858769	2.250348044	2.250348044	8.998768245	8.998768245	15.9858769	3116
15.9858769	2.250348044	2.250348044	2.250348044	2.250348044	15.9858769	3076
15.9858769	15.9858769	2.250348044	8.998768245	3.999433873	8.998768245	3879
8.998768245	15.9858769	2.250348044	8.998768245	2.250348044	2.250348044	2849
8.998768245	8.998768245	2.250348044	8.998768245	15.9858769	2.250348044	2605
8.998768245	8.998768245	8.998768245	15.9858769	15.9858769	2.250348044	2749
15.9858769	15.9858769	2.250348044	8.998768245	3.999433873	3.999433873	3878
15.9858769	15.9858769	2.250348044	8.998768245	3.999433873	2.250348044	3877
8.998768245	3.999433873	8.998768245	8.998768245	3.999433873	8.998768245	2471
8.998768245	15.9858769	15.9858769	3.999433873	2.250348044	3.999433873	3026
8.998768245	8.998768245	2.250348044	15.9858769	15.9858769	15.9858769	2624
2.250348044	3.999433873	15.9858769	8.998768245	2.250348044	3.999433873	482
8.998768245	8.998768245	3.999433873	3.999433873	2.250348044	2.250348044	2641
8.998768245	15.9858769	2.250348044	15.9858769	3.999433873	15.9858769	2872
8.998768245	8.998768245	2.250348044	15.9858769	15.9858769	8.998768245	2623
8.998768245	2.250348044	3.999433873	15.9858769	2.250348044	8.998768245	2163
15.9858769	8.998768245	2.250348044	15.9858769	8.998768245	15.9858769	3644
8.998768245	8.998768245	2.250348044	3.999433873	3.999433873	3.999433873	2582
8.998768245	8.998768245	2.250348044	15.9858769	15.9858769	3.999433873	2622
8.998768245	15.9858769	2.250348044	15.9858769	3.999433873	8.998768245	2871
15.9858769	2.250348044	2.250348044	3.999433873	8.998768245	15.9858769	3100
8.998768245	8.998768245	2.250348044	15.9858769	15.9858769	2.250348044	2621
15.9858769	8.998768245	2.250348044	15.9858769	8.998768245	8.998768245	3643
8.998768245	8.998768245	2.250348044	3.999433873	3.999433873	2.250348044	2581
8.998768245	15.9858769	2.250348044	15.9858769	3.999433873	3.999433873	2870
8.998768245	8.998768245	2.250348044	3.999433873	2.250348044	15.9858769	2580
15.9858769	2.250348044	3.999433873	15.9858769	15.9858769	8.998768245	3199
15.9858769	8.998768245	2.250348044	15.9858769	8.998768245	3.999433873	3642
8.998768245	15.9858769	2.250348044	15.9858769	3.999433873	2.250348044	2869
8.998768245	2.250348044	8.998768245	15.9858769	8.998768245	15.9858769	2236
15.9858769	8.998768245	2.250348044	15.9858769	8.998768245	2.250348044	3641
15.9858769	2.250348044	2.250348044	8.998768245	8.998768245	8.998768245	3115
8.998768245	3.999433873	3.999433873	15.9858769	3.999433873	15.9858769	2424
8.998768245	2.250348044	3.999433873	15.9858769	2.250348044	3.999433873	2162
8.998768245	2.250348044	8.998768245	15.9858769	3.999433873	8.998768245	2231
8.998768245	2.250348044	3.999433873	15.9858769	2.250348044	2.250348044	2161
8.998768245	8.998768245	2.250348044	3.999433873	2.250348044	8.998768245	2579
15.9858769	2.250348044	2.250348044	3.999433873	3.999433873	15.9858769	3096
8.998768245	2.250348044	15.9858769	15.9858769	3.999433873	8.998768245	2295
8.998768245	3.999433873	3.999433873	15.9858769	3.999433873	8.998768245	2423
15.9858769	2.250348044	2.250348044	8.998768245	8.998768245	3.999433873	3114
8.998768245	3.999433873	3.999433873	8.998768245	3.999433873	15.9858769	2408
8.998768245	3.999433873	8.998768245	15.9858769	3.999433873	15.9858769	2488
15.9858769	8.998768245	2.250348044	3.999433873	2.250348044	15.9858769	3604
8.998768245	15.9858769	2.250348044	3.999433873	3.999433873	15.9858769	2840
8.998768245	15.9858769	2.250348044	8.998768245	8.998768245	15.9858769	2860
15.9858769	2.250348044	3.999433873	15.9858769	15.9858769	3.999433873	3198
8.998768245	8.998768245	2.250348044	3.999433873	2.250348044	3.999433873	2578
15.9858769	2.250348044	2.250348044	8.998768245	8.998768245	2.250348044	3113
8.998768245	15.9858769	3.999433873	3.999433873	2.250348044	3.999433873	2898
8.998768245	8.998768245	2.250348044	3.999433873	2.250348044	2.250348044	2577
8.998768245	15.9858769	2.250348044	8.998768245	8.998768245	8.998768245	2859
15.9858769	8.998768245	2.250348044	3.999433873	2.250348044	8.998768245	3603
8.998768245	3.999433873	3.999433873	15.9858769	3.999433873	3.999433873	2422
15.9858769	2.250348044	2.250348044	2.250348044	3.999433873	15.9858769	3080
15.9858769	2.250348044	3.999433873	15.9858769	15.9858769	2.250348044	3197
15.9858769	2.250348044	2.250348044	2.250348044	2.250348044	8.998768245	3075
8.998768245	15.9858769	2.250348044	8.998768245	8.998768245	3.999433873	2858
8.998768245	3.999433873	3.999433873	15.9858769	3.999433873	2.250348044	2421
15.9858769	2.250348044	2.250348044	15.9858769	15.9858769	15.9858769	3136
8.998768245	15.9858769	2.250348044	8.998768245	8.998768245	2.250348044	2857
8.998768245	8.998768245	8.998768245	3.999433873	2.250348044	3.999433873	2706
15.9858769	8.998768245	2.250348044	3.999433873	2.250348044	3.999433873	3602
15.9858769	8.998768245	2.250348044	3.999433873	2.250348044	2.250348044	3601
8.998768245	2.250348044	8.998768245	15.9858769	8.998768245	8.998768245	2235
2.250348044	3.999433873	15.9858769	8.998768245	2.250348044	8.998768245	483
8.998768245	3.999433873	3.999433873	8.998768245	3.999433873	8.998768245	2407
8.998768245	2.250348044	8.998768245	15.9858769	3.999433873	3.999433873	2230
8.998768245	2.250348044	8.998768245	8.998768245	2.250348044	8.998768245	2211
15.9858769	2.250348044	3.999433873	15.9858769	2.250348044	15.9858769	3188
8.998768245	15.9858769	2.250348044	15.9858769	8.998768245	15.9858769	2876
8.998768245	15.9858769	8.998768245	15.9858769	15.9858769	3.999433873	3006
8.998768245	15.9858769	3.999433873	3.999433873	2.250348044	2.250348044	2897
8.998768245	2.250348044	15.9858769	8.998768245	2.250348044	3.999433873	2274
8.998768245	15.9858769	2.250348044	15.9858769	8.998768245	8.998768245	2875
15.9858769	2.250348044	2.250348044	3.999433873	3.999433873	8.998768245	3095
15.9858769	2.250348044	2.250348044	15.9858769	15.9858769	8.998768245	3135
15.9858769	3.999433873	3.999433873	8.998768245	15.9858769	8.998768245	3439
8.998768245	15.9858769	2.250348044	3.999433873	3.999433873	8.998768245	2839
8.998768245	15.9858769	2.250348044	15.9858769	8.998768245	3.999433873	2874
8.998768245	15.9858769	2.250348044	15.9858769	8.998768245	2.250348044	2873
8.998768245	2.250348044	8.998768245	15.9858769	3.999433873	2.250348044	2229
15.9858769	15.9858769	2.250348044	15.9858769	8.998768245	15.9858769	3900
15.9858769	2.250348044	2.250348044	3.999433873	8.998768245	8.998768245	3099
8.998768245	3.999433873	8.998768245	8.998768245	3.999433873	3.999433873	2470
8.998768245	3.999433873	3.999433873	8.998768245	3.999433873	3.999433873	2406
2.250348044	3.999433873	15.9858769	15.9858769	3.999433873	15.9858769	504
15.9858769	15.9858769	2.250348044	15.9858769	8.998768245	8.998768245	3899
8.998768245	15.9858769	2.250348044	8.998768245	15.9858769	15.9858769	2864
15.9858769	15.9858769	2.250348044	15.9858769	8.998768245	3.999433873	3898
15.9858769	15.9858769	2.250348044	15.9858769	8.998768245	2.250348044	3897
8.998768245	2.250348044	15.9858769	15.9858769	3.999433873	3.999433873	2294
8.998768245	3.999433873	3.999433873	8.998768245	3.999433873	2.250348044	2405
15.9858769	2.250348044	2.250348044	15.9858769	15.9858769	3.999433873	3134
8.998768245	2.250348044	8.998768245	15.9858769	8.998768245	3.999433873	2234
15.9858769	2.250348044	3.999433873	15.9858769	2.250348044	8.998768245	3187
8.998768245	15.9858769	2.250348044	8.998768245	15.9858769	8.998768245	2863
8.998768245	2.250348044	8.998768245	15.9858769	2.250348044	15.9858769	2228
15.9858769	2.250348044	2.250348044	15.9858769	15.9858769	2.250348044	3133
8.998768245	15.9858769	2.250348044	3.999433873	3.999433873	3.999433873	2838
8.998768245	2.250348044	15.9858769	8.998768245	2.250348044	2.250348044	2273
8.998768245	15.9858769	2.250348044	8.998768245	15.9858769	3.999433873	2862
15.9858769	3.999433873	2.250348044	8.998768245	15.9858769	15.9858769	3376
8.998768245	15.9858769	2.250348044	15.9858769	15.9858769	15.9858769	2880
8.998768245	15.9858769	2.250348044	8.998768245	15.9858769	2.250348044	2861
8.998768245	2.250348044	8.998768245	15.9858769	8.998768245	2.250348044	2233
15.9858769	2.250348044	2.250348044	2.250348044	2.250348044	3.999433873	3074
8.998768245	15.9858769	8.998768245	15.9858769	15.9858769	2.250348044	3005
8.998768245	2.250348044	15.9858769	15.9858769	3.999433873	2.250348044	2293
8.998768245	3.999433873	8.998768245	8.998768245	3.999433873	2.250348044	2469
8.998768245	15.9858769	2.250348044	3.999433873	3.999433873	2.250348044	2837
8.998768245	3.999433873	3.999433873	8.998768245	2.250348044	15.9858769	2404
8.998768245	15.9858769	2.250348044	15.9858769	15.9858769	8.998768245	2879
15.9858769	2.250348044	2.250348044	3.999433873	3.999433873	3.999433873	3094
15.9858769	2.250348044	3.999433873	15.9858769	2.250348044	3.999433873	3186
2.250348044	2.250348044	8.998768245	15.9858769	2.250348044	15.9858769	180
8.998768245	15.9858769	2.250348044	15.9858769	15.9858769	3.999433873	2878
8.998768245	3.999433873	3.999433873	15.9858769	2.250348044	15.9858769	2420
8.998768245	15.9858769	2.250348044	15.9858769	15.9858769	2.250348044	2877
8.998768245	3.999433873	15.9858769	8.998768245	3.999433873	8.998768245	2535
15.9858769	2.250348044	3.999433873	15.9858769	2.250348044	2.250348044	3185
8.998768245	15.9858769	2.250348044	3.999433873	2.250348044	15.9858769	2836
15.9858769	2.250348044	2.250348044	2.250348044	2.250348044	2.250348044	3073
15.9858769	2.250348044	2.250348044	3.999433873	3.999433873	2.250348044	3093
15.9858769	3.999433873	2.250348044	8.998768245	15.9858769	8.998768245	3375
15.9858769	3.999433873	2.250348044	8.998768245	8.998768245	15.9858769	3372
8.998768245	2.250348044	8.998768245	8.998768245	2.250348044	3.999433873	2210
8.998768245	3.999433873	3.999433873	8.998768245	2.250348044	8.998768245	2403
15.9858769	2.250348044	2.250348044	3.999433873	8.998768245	3.999433873	3098
8.998768245	3.999433873	8.998768245	8.998768245	8.998768245	3.999433873	2474
8.998768245	3.999433873	3.999433873	15.9858769	2.250348044	8.998768245	2419
15.9858769	2.250348044	2.250348044	2.250348044	3.999433873	8.998768245	3079
15.9858769	2.250348044	3.999433873	2.250348044	2.250348044	8.998768245	3139
15.9858769	15.9858769	2.250348044	3.999433873	2.250348044	15.9858769	3860
15.9858769	3.999433873	2.250348044	8.998768245	15.9858769	3.999433873	3374
8.998768245	15.9858769	2.250348044	3.999433873	2.250348044	8.998768245	2835
2.250348044	2.250348044	8.998768245	15.9858769	2.250348044	8.998768245	179
15.9858769	3.999433873	2.250348044	8.998768245	15.9858769	2.250348044	3373
15.9858769	15.9858769	2.250348044	3.999433873	2.250348044	8.998768245	3859
15.9858769	15.9858769	2.250348044	3.999433873	2.250348044	3.999433873	3858
15.9858769	15.9858769	2.250348044	3.999433873	2.250348044	2.250348044	3857
15.9858769	15.9858769	2.250348044	3.999433873	15.9858769	15.9858769	3872
8.998768245	2.250348044	8.998768245	8.998768245	2.250348044	2.250348044	2209
15.9858769	2.250348044	2.250348044	3.999433873	8.998768245	2.250348044	3097
8.998768245	3.999433873	3.999433873	8.998768245	2.250348044	3.999433873	2402
8.998768245	8.998768245	8.998768245	3.999433873	2.250348044	2.250348044	2705
15.9858769	3.999433873	2.250348044	8.998768245	8.998768245	8.998768245	3371
8.998768245	3.999433873	3.999433873	15.9858769	2.250348044	3.999433873	2418
15.9858769	2.250348044	3.999433873	8.998768245	2.250348044	15.9858769	3172
2.250348044	2.250348044	8.998768245	8.998768245	2.250348044	3.999433873	162
8.998768245	15.9858769	2.250348044	3.999433873	2.250348044	3.999433873	2834
8.998768245	3.999433873	3.999433873	8.998768245	2.250348044	2.250348044	2401
8.998768245	3.999433873	3.999433873	15.9858769	2.250348044	2.250348044	2417
8.998768245	3.999433873	8.998768245	8.998768245	8.998768245	2.250348044	2473
8.998768245	15.9858769	2.250348044	3.999433873	2.250348044	2.250348044	2833
8.998768245	3.999433873	8.998768245	15.9858769	3.999433873	8.998768245	2487
8.998768245	8.998768245	3.999433873	15.9858769	15.9858769	15.9858769	2688
15.9858769	2.250348044	3.999433873	3.999433873	2.250348044	15.9858769	3156
8.998768245	2.250348044	8.998768245	15.9858769	2.250348044	8.998768245	2227
8.998768245	15.9858769	8.998768245	3.999433873	2.250348044	3.999433873	2962
15.9858769	3.999433873	2.250348044	8.998768245	8.998768245	3.999433873	3370
15.9858769	2.250348044	3.999433873	15.9858769	8.998768245	15.9858769	3196
15.9858769	2.250348044	3.999433873	3.999433873	3.999433873	15.9858769	3160
8.998768245	8.998768245	3.999433873	15.9858769	3.999433873	15.9858769	2680
2.250348044	2.250348044	8.998768245	8.998768245	2.250348044	2.250348044	161
15.9858769	3.999433873	3.999433873	8.998768245	15.9858769	3.999433873	3438
8.998768245	8.998768245	3.999433873	15.9858769	15.9858769	8.998768245	2687
15.9858769	3.999433873	2.250348044	8.998768245	8.998768245	2.250348044	3369
15.9858769	2.250348044	3.999433873	8.998768245	8.998768245	15.9858769	3180
2.250348044	2.250348044	8.998768245	15.9858769	3.999433873	2.250348044	181
15.9858769	3.999433873	2.250348044	15.9858769	15.9858769	15.9858769	3392
8.998768245	8.998768245	3.999433873	15.9858769	15.9858769	3.999433873	2686
2.250348044	2.250348044	8.998768245	15.9858769	3.999433873	3.999433873	182
8.998768245	8.998768245	3.999433873	15.9858769	15.9858769	2.250348044	2685
15.9858769	2.250348044	3.999433873	15.9858769	3.999433873	15.9858769	3192
15.9858769	3.999433873	3.999433873	8.998768245	15.9858769	2.250348044	3437
8.998768245	8.998768245	3.999433873	15.9858769	3.999433873	8.998768245	2679
8.998768245	8.998768245	8.998768245	8.998768245	3.999433873	8.998768245	2727
15.9858769	3.999433873	2.250348044	15.9858769	15.9858769	8.998768245	3391
15.9858769	2.250348044	3.999433873	8.998768245	2.250348044	8.998768245	3171
15.9858769	2.250348044	2.250348044	2.250348044	3.999433873	3.999433873	3078
15.9858769	3.999433873	2.250348044	2.250348044	2.250348044	15.9858769	3332
8.998768245	8.998768245	15.9858769	3.999433873	2.250348044	2.250348044	2769
8.998768245	8.998768245	3.999433873	15.9858769	3.999433873	3.999433873	2678
15.9858769	2.250348044	3.999433873	15.9858769	8.998768245	8.998768245	3195
15.9858769	3.999433873	2.250348044	15.9858769	15.9858769	3.999433873	3390
15.9858769	3.999433873	2.250348044	3.999433873	3.999433873	15.9858769	3352
8.998768245	2.250348044	8.998768245	15.9858769	2.250348044	3.999433873	2226
8.998768245	8.998768245	3.999433873	15.9858769	3.999433873	2.250348044	2677
15.9858769	3.999433873	2.250348044	15.9858769	15.9858769	2.250348044	3389
2.250348044	3.999433873	15.9858769	8.998768245	3.999433873	3.999433873	486
15.9858769	3.999433873	3.999433873	15.9858769	15.9858769	15.9858769	3456
15.9858769	2.250348044	3.999433873	15.9858769	3.999433873	8.998768245	3191
15.9858769	2.250348044	2.250348044	2.250348044	3.999433873	2.250348044	3077
8.998768245	3.999433873	8.998768245	15.9858769	3.999433873	3.999433873	2486
8.998768245	2.250348044	8.998768245	15.9858769	2.250348044	2.250348044	2225
15.9858769	2.250348044	8.998768245	15.9858769	15.9858769	15.9858769	3264
15.9858769	2.250348044	3.999433873	8.998768245	8.998768245	8.998768245	3179
2.250348044	3.999433873	15.9858769	8.998768245	3.999433873	2.250348044	485
8.998768245	8.998768245	3.999433873	8.998768245	3.999433873	15.9858769	2664
15.9858769	2.250348044	3.999433873	8.998768245	2.250348044	3.999433873	3170
15.9858769	2.250348044	3.999433873	15.9858769	8.998768245	3.999433873	3194
15.9858769	3.999433873	3.999433873	15.9858769	15.9858769	8.998768245	3455
8.998768245	3.999433873	8.998768245	8.998768245	2.250348044	15.9858769	2468
8.998768245	3.999433873	8.998768245	15.9858769	3.999433873	2.250348044	2485
15.9858769	2.250348044	8.998768245	3.999433873	3.999433873	2.250348044	3221
15.9858769	2.250348044	3.999433873	15.9858769	8.998768245	2.250348044	3193
15.9858769	2.250348044	3.999433873	8.998768245	2.250348044	2.250348044	3169
15.9858769	3.999433873	2.250348044	2.250348044	8.998768245	3.999433873	3338
15.9858769	2.250348044	3.999433873	15.9858769	3.999433873	3.999433873	3190
8.998768245	15.9858769	8.998768245	3.999433873	2.250348044	2.250348044	2961
15.9858769	3.999433873	2.250348044	3.999433873	3.999433873	8.998768245	3351
15.9858769	2.250348044	3.999433873	8.998768245	3.999433873	15.9858769	3176
15.9858769	3.999433873	3.999433873	15.9858769	15.9858769	3.999433873	3454
15.9858769	2.250348044	3.999433873	3.999433873	2.250348044	8.998768245	3155
15.9858769	2.250348044	3.999433873	15.9858769	3.999433873	2.250348044	3189
15.9858769	3.999433873	2.250348044	3.999433873	8.998768245	15.9858769	3356
15.9858769	3.999433873	3.999433873	15.9858769	15.9858769	2.250348044	3453
15.9858769	2.250348044	3.999433873	2.250348044	2.250348044	3.999433873	3138
8.998768245	8.998768245	8.998768245	8.998768245	8.998768245	15.9858769	2732
15.9858769	2.250348044	3.999433873	3.999433873	3.999433873	8.998768245	3159
8.998768245	8.998768245	3.999433873	8.998768245	3.999433873	8.998768245	2663
15.9858769	3.999433873	2.250348044	2.250348044	2.250348044	8.998768245	3331
15.9858769	3.999433873	3.999433873	15.9858769	2.250348044	15.9858769	3444
15.9858769	2.250348044	3.999433873	8.998768245	8.998768245	3.999433873	3178
8.998768245	8.998768245	8.998768245	15.9858769	3.999433873	15.9858769	2744
8.998768245	3.999433873	15.9858769	8.998768245	2.250348044	8.998768245	2531
8.998768245	3.999433873	8.998768245	15.9858769	8.998768245	15.9858769	2492
15.9858769	3.999433873	2.250348044	3.999433873	3.999433873	3.999433873	3350
8.998768245	3.999433873	15.9858769	8.998768245	3.999433873	3.999433873	2534
8.998768245	8.998768245	3.999433873	8.998768245	3.999433873	3.999433873	2662
8.998768245	8.998768245	8.998768245	8.998768245	3.999433873	3.999433873	2726
15.9858769	2.250348044	3.999433873	8.998768245	8.998768245	2.250348044	3177
15.9858769	3.999433873	2.250348044	2.250348044	8.998768245	2.250348044	3337
15.9858769	15.9858769	2.250348044	15.9858769	15.9858769	15.9858769	3904
8.998768245	8.998768245	3.999433873	8.998768245	3.999433873	2.250348044	2661
8.998768245	15.9858769	3.999433873	15.9858769	3.999433873	15.9858769	2936
15.9858769	3.999433873	3.999433873	15.9858769	2.250348044	8.998768245	3443
8.998768245	15.9858769	15.9858769	8.998768245	3.999433873	15.9858769	3048
15.9858769	3.999433873	2.250348044	3.999433873	3.999433873	2.250348044	3349
15.9858769	15.9858769	2.250348044	15.9858769	15.9858769	8.998768245	3903
15.9858769	2.250348044	3.999433873	2.250348044	2.250348044	2.250348044	3137
15.9858769	3.999433873	3.999433873	3.999433873	8.998768245	15.9858769	3420
15.9858769	15.9858769	2.250348044	8.998768245	15.9858769	15.9858769	3888
15.9858769	2.250348044	3.999433873	8.998768245	3.999433873	8.998768245	3175
15.9858769	15.9858769	2.250348044	8.998768245	15.9858769	8.998768245	3887
15.9858769	15.9858769	2.250348044	15.9858769	15.9858769	3.999433873	3902
8.998768245	8.998768245	8.998768245	8.998768245	3.999433873	2.250348044	2725
8.998768245	15.9858769	8.998768245	8.998768245	3.999433873	8.998768245	2983
15.9858769	3.999433873	3.999433873	15.9858769	2.250348044	3.999433873	3442
15.9858769	15.9858769	2.250348044	8.998768245	15.9858769	2.250348044	3885
15.9858769	15.9858769	2.250348044	8.998768245	15.9858769	3.999433873	3886
15.9858769	3.999433873	2.250348044	2.250348044	2.250348044	3.999433873	3330
15.9858769	3.999433873	3.999433873	15.9858769	8.998768245	15.9858769	3452
15.9858769	15.9858769	2.250348044	15.9858769	15.9858769	2.250348044	3901
15.9858769	3.999433873	2.250348044	3.999433873	8.998768245	8.998768245	3355
8.998768245	15.9858769	3.999433873	15.9858769	3.999433873	8.998768245	2935
15.9858769	3.999433873	2.250348044	2.250348044	3.999433873	15.9858769	3336
15.9858769	3.999433873	3.999433873	15.9858769	2.250348044	2.250348044	3441
15.9858769	2.250348044	8.998768245	15.9858769	15.9858769	8.998768245	3263
8.998768245	3.999433873	15.9858769	8.998768245	3.999433873	2.250348044	2533
15.9858769	3.999433873	2.250348044	2.250348044	2.250348044	2.250348044	3329
15.9858769	2.250348044	3.999433873	3.999433873	2.250348044	3.999433873	3154
8.998768245	8.998768245	15.9858769	8.998768245	2.250348044	15.9858769	2788
8.998768245	3.999433873	15.9858769	15.9858769	3.999433873	15.9858769	2552
8.998768245	8.998768245	3.999433873	15.9858769	2.250348044	15.9858769	2676
8.998768245	15.9858769	3.999433873	15.9858769	3.999433873	3.999433873	2934
2.250348044	3.999433873	15.9858769	8.998768245	2.250348044	15.9858769	484
15.9858769	8.998768245	2.250348044	8.998768245	8.998768245	15.9858769	3628
8.998768245	3.999433873	8.998768245	15.9858769	8.998768245	8.998768245	2491
15.9858769	2.250348044	3.999433873	3.999433873	3.999433873	3.999433873	3158
15.9858769	2.250348044	8.998768245	3.999433873	2.250348044	8.998768245	3219
8.998768245	15.9858769	3.999433873	15.9858769	3.999433873	2.250348044	2933
15.9858769	8.998768245	3.999433873	8.998768245	15.9858769	15.9858769	3696
15.9858769	3.999433873	3.999433873	15.9858769	3.999433873	15.9858769	3448
15.9858769	3.999433873	3.999433873	15.9858769	8.998768245	8.998768245	3451
15.9858769	2.250348044	15.9858769	8.998768245	3.999433873	15.9858769	3304
15.9858769	3.999433873	3.999433873	2.250348044	2.250348044	15.9858769	3396
15.9858769	8.998768245	2.250348044	8.998768245	15.9858769	15.9858769	3632
15.9858769	3.999433873	3.999433873	2.250348044	3.999433873	2.250348044	3397
15.9858769	2.250348044	3.999433873	8.998768245	3.999433873	3.999433873	3174
15.9858769	3.999433873	2.250348044	3.999433873	8.998768245	3.999433873	3354
8.998768245	8.998768245	3.999433873	15.9858769	2.250348044	8.998768245	2675
15.9858769	8.998768245	2.250348044	8.998768245	8.998768245	8.998768245	3627
15.9858769	15.9858769	2.250348044	3.999433873	15.9858769	8.998768245	3871
15.9858769	2.250348044	3.999433873	3.999433873	2.250348044	2.250348044	3153
8.998768245	15.9858769	3.999433873	15.9858769	15.9858769	15.9858769	2944
15.9858769	15.9858769	2.250348044	3.999433873	15.9858769	2.250348044	3869
15.9858769	2.250348044	3.999433873	3.999433873	3.999433873	2.250348044	3157
8.998768245	3.999433873	8.998768245	8.998768245	2.250348044	8.998768245	2467
15.9858769	15.9858769	2.250348044	3.999433873	15.9858769	3.999433873	3870
15.9858769	2.250348044	3.999433873	8.998768245	3.999433873	2.250348044	3173
15.9858769	3.999433873	2.250348044	3.999433873	8.998768245	2.250348044	3353
15.9858769	8.998768245	2.250348044	8.998768245	15.9858769	8.998768245	3631
15.9858769	3.999433873	3.999433873	15.9858769	8.998768245	3.999433873	3450
8.998768245	3.999433873	8.998768245	15.9858769	8.998768245	3.999433873	2490
15.9858769	8.998768245	2.250348044	8.998768245	8.998768245	3.999433873	3626
8.998768245	15.9858769	15.9858769	3.999433873	2.250348044	2.250348044	3025
8.998768245	8.998768245	3.999433873	15.9858769	2.250348044	3.999433873	2674
8.998768245	15.9858769	3.999433873	15.9858769	15.9858769	8.998768245	2943
8.998768245	8.998768245	3.999433873	8.998768245	2.250348044	15.9858769	2660
15.9858769	3.999433873	3.999433873	15.9858769	3.999433873	8.998768245	3447
15.9858769	3.999433873	3.999433873	15.9858769	8.998768245	2.250348044	3449
15.9858769	8.998768245	2.250348044	8.998768245	8.998768245	2.250348044	3625
8.998768245	8.998768245	3.999433873	15.9858769	2.250348044	2.250348044	2673
15.9858769	8.998768245	2.250348044	8.998768245	15.9858769	3.999433873	3630
15.9858769	3.999433873	3.999433873	8.998768245	8.998768245	15.9858769	3436
8.998768245	3.999433873	8.998768245	15.9858769	8.998768245	2.250348044	2489
8.998768245	15.9858769	3.999433873	15.9858769	15.9858769	3.999433873	2942
8.998768245	8.998768245	8.998768245	15.9858769	3.999433873	8.998768245	2743
15.9858769	8.998768245	2.250348044	8.998768245	15.9858769	2.250348044	3629
8.998768245	15.9858769	3.999433873	15.9858769	15.9858769	2.250348044	2941
15.9858769	2.250348044	8.998768245	8.998768245	3.999433873	15.9858769	3240
15.9858769	2.250348044	8.998768245	15.9858769	15.9858769	3.999433873	3262
15.9858769	3.999433873	2.250348044	2.250348044	3.999433873	8.998768245	3335
15.9858769	8.998768245	3.999433873	8.998768245	15.9858769	8.998768245	3695
15.9858769	3.999433873	3.999433873	15.9858769	3.999433873	3.999433873	3446
15.9858769	3.999433873	3.999433873	8.998768245	2.250348044	15.9858769	3428
8.998768245	15.9858769	3.999433873	8.998768245	3.999433873	15.9858769	2920
8.998768245	8.998768245	3.999433873	8.998768245	2.250348044	8.998768245	2659
15.9858769	8.998768245	2.250348044	15.9858769	15.9858769	15.9858769	3648
15.9858769	3.999433873	3.999433873	15.9858769	3.999433873	2.250348044	3445
15.9858769	2.250348044	8.998768245	15.9858769	15.9858769	2.250348044	3261
15.9858769	3.999433873	3.999433873	3.999433873	8.998768245	8.998768245	3419
8.998768245	15.9858769	8.998768245	8.998768245	3.999433873	3.999433873	2982
2.250348044	3.999433873	15.9858769	8.998768245	3.999433873	8.998768245	487
8.998768245	3.999433873	8.998768245	15.9858769	2.250348044	15.9858769	2484
15.9858769	3.999433873	8.998768245	8.998768245	15.9858769	8.998768245	3503
8.998768245	15.9858769	8.998768245	15.9858769	3.999433873	15.9858769	3000
15.9858769	8.998768245	2.250348044	15.9858769	15.9858769	8.998768245	3647
8.998768245	8.998768245	3.999433873	8.998768245	2.250348044	3.999433873	2658
15.9858769	3.999433873	3.999433873	8.998768245	8.998768245	8.998768245	3435
15.9858769	8.998768245	3.999433873	8.998768245	15.9858769	3.999433873	3694
15.9858769	8.998768245	2.250348044	15.9858769	15.9858769	3.999433873	3646
8.998768245	8.998768245	3.999433873	8.998768245	2.250348044	2.250348044	2657
15.9858769	8.998768245	2.250348044	15.9858769	15.9858769	2.250348044	3645
15.9858769	2.250348044	15.9858769	8.998768245	2.250348044	15.9858769	3300
8.998768245	15.9858769	3.999433873	8.998768245	3.999433873	8.998768245	2919
8.998768245	3.999433873	15.9858769	8.998768245	2.250348044	3.999433873	2530
2.250348044	3.999433873	15.9858769	15.9858769	8.998768245	2.250348044	505
8.998768245	15.9858769	8.998768245	8.998768245	3.999433873	2.250348044	2981
15.9858769	2.250348044	15.9858769	15.9858769	15.9858769	3.999433873	3326
15.9858769	8.998768245	3.999433873	8.998768245	15.9858769	2.250348044	3693
8.998768245	3.999433873	8.998768245	8.998768245	2.250348044	3.999433873	2466
8.998768245	8.998768245	8.998768245	8.998768245	8.998768245	8.998768245	2731
15.9858769	2.250348044	15.9858769	3.999433873	2.250348044	2.250348044	3281
15.9858769	3.999433873	3.999433873	8.998768245	2.250348044	8.998768245	3427
8.998768245	8.998768245	8.998768245	15.9858769	3.999433873	3.999433873	2742
15.9858769	2.250348044	15.9858769	15.9858769	8.998768245	15.9858769	3324
15.9858769	3.999433873	2.250348044	2.250348044	3.999433873	3.999433873	3334
15.9858769	3.999433873	3.999433873	8.998768245	3.999433873	15.9858769	3432
15.9858769	8.998768245	3.999433873	2.250348044	3.999433873	8.998768245	3655
8.998768245	15.9858769	3.999433873	8.998768245	3.999433873	3.999433873	2918
15.9858769	3.999433873	3.999433873	3.999433873	2.250348044	15.9858769	3412
8.998768245	8.998768245	15.9858769	15.9858769	15.9858769	3.999433873	2814
15.9858769	3.999433873	3.999433873	8.998768245	8.998768245	3.999433873	3434
8.998768245	8.998768245	8.998768245	15.9858769	3.999433873	2.250348044	2741
15.9858769	2.250348044	8.998768245	8.998768245	8.998768245	15.9858769	3244
8.998768245	3.999433873	8.998768245	8.998768245	2.250348044	2.250348044	2465
8.998768245	15.9858769	3.999433873	8.998768245	3.999433873	2.250348044	2917
8.998768245	3.999433873	15.9858769	15.9858769	3.999433873	8.998768245	2551
15.9858769	3.999433873	3.999433873	3.999433873	8.998768245	3.999433873	3418
15.9858769	3.999433873	3.999433873	8.998768245	8.998768245	2.250348044	3433
15.9858769	3.999433873	2.250348044	2.250348044	3.999433873	2.250348044	3333
15.9858769	3.999433873	3.999433873	8.998768245	2.250348044	3.999433873	3426
8.998768245	15.9858769	8.998768245	8.998768245	8.998768245	15.9858769	2988
8.998768245	3.999433873	15.9858769	8.998768245	2.250348044	2.250348044	2529
15.9858769	3.999433873	3.999433873	8.998768245	2.250348044	2.250348044	3425
15.9858769	3.999433873	3.999433873	2.250348044	2.250348044	8.998768245	3395
15.9858769	3.999433873	3.999433873	3.999433873	8.998768245	2.250348044	3417
15.9858769	2.250348044	15.9858769	15.9858769	15.9858769	2.250348044	3325
8.998768245	3.999433873	15.9858769	15.9858769	8.998768245	15.9858769	2556
15.9858769	8.998768245	3.999433873	15.9858769	2.250348044	15.9858769	3700
8.998768245	8.998768245	15.9858769	15.9858769	15.9858769	2.250348044	2813
8.998768245	3.999433873	8.998768245	15.9858769	2.250348044	8.998768245	2483
15.9858769	15.9858769	2.250348044	8.998768245	8.998768245	15.9858769	3884
15.9858769	3.999433873	3.999433873	8.998768245	3.999433873	8.998768245	3431
15.9858769	8.998768245	2.250348044	3.999433873	3.999433873	15.9858769	3608
8.998768245	8.998768245	8.998768245	8.998768245	8.998768245	3.999433873	2730
15.9858769	8.998768245	3.999433873	15.9858769	2.250348044	8.998768245	3699
8.998768245	15.9858769	3.999433873	15.9858769	2.250348044	15.9858769	2932
15.9858769	3.999433873	3.999433873	3.999433873	3.999433873	15.9858769	3416
8.998768245	15.9858769	8.998768245	15.9858769	3.999433873	8.998768245	2999
15.9858769	15.9858769	2.250348044	8.998768245	8.998768245	8.998768245	3883
8.998768245	8.998768245	15.9858769	8.998768245	3.999433873	8.998768245	2791
15.9858769	8.998768245	3.999433873	2.250348044	3.999433873	3.999433873	3654
8.998768245	8.998768245	8.998768245	8.998768245	8.998768245	2.250348044	2729
8.998768245	15.9858769	15.9858769	8.998768245	2.250348044	15.9858769	3044
15.9858769	3.999433873	8.998768245	8.998768245	15.9858769	3.999433873	3502
15.9858769	8.998768245	3.999433873	15.9858769	2.250348044	3.999433873	3698
15.9858769	8.998768245	3.999433873	15.9858769	2.250348044	2.250348044	3697
15.9858769	3.999433873	3.999433873	3.999433873	2.250348044	8.998768245	3411
15.9858769	15.9858769	2.250348044	8.998768245	8.998768245	3.999433873	3882
15.9858769	2.250348044	8.998768245	3.999433873	2.250348044	3.999433873	3218
15.9858769	2.250348044	8.998768245	8.998768245	3.999433873	8.998768245	3239
15.9858769	3.999433873	3.999433873	8.998768245	3.999433873	3.999433873	3430
15.9858769	8.998768245	2.250348044	2.250348044	2.250348044	15.9858769	3588
15.9858769	8.998768245	3.999433873	15.9858769	8.998768245	15.9858769	3708
15.9858769	8.998768245	2.250348044	3.999433873	3.999433873	8.998768245	3607
15.9858769	15.9858769	2.250348044	8.998768245	8.998768245	2.250348044	3881
15.9858769	8.998768245	3.999433873	2.250348044	3.999433873	2.250348044	3653
8.998768245	15.9858769	3.999433873	15.9858769	2.250348044	8.998768245	2931
15.9858769	8.998768245	3.999433873	15.9858769	15.9858769	15.9858769	3712
8.998768245	15.9858769	15.9858769	15.9858769	8.998768245	15.9858769	3068
15.9858769	3.999433873	3.999433873	8.998768245	3.999433873	2.250348044	3429
8.998768245	3.999433873	15.9858769	15.9858769	3.999433873	3.999433873	2550
15.9858769	15.9858769	3.999433873	8.998768245	15.9858769	15.9858769	3952
8.998768245	3.999433873	8.998768245	15.9858769	2.250348044	3.999433873	2482
15.9858769	3.999433873	8.998768245	8.998768245	15.9858769	2.250348044	3501
2.250348044	3.999433873	15.9858769	15.9858769	8.998768245	8.998768245	507
8.998768245	15.9858769	3.999433873	15.9858769	2.250348044	3.999433873	2930
15.9858769	8.998768245	3.999433873	15.9858769	15.9858769	8.998768245	3711
15.9858769	8.998768245	3.999433873	15.9858769	8.998768245	8.998768245	3707
8.998768245	8.998768245	8.998768245	8.998768245	2.250348044	15.9858769	2724
15.9858769	8.998768245	2.250348044	3.999433873	3.999433873	3.999433873	3606
15.9858769	3.999433873	8.998768245	3.999433873	3.999433873	8.998768245	3479
8.998768245	15.9858769	3.999433873	15.9858769	2.250348044	2.250348044	2929
15.9858769	2.250348044	8.998768245	8.998768245	8.998768245	8.998768245	3243
15.9858769	8.998768245	3.999433873	15.9858769	15.9858769	3.999433873	3710
8.998768245	3.999433873	15.9858769	15.9858769	3.999433873	2.250348044	2549
15.9858769	8.998768245	2.250348044	3.999433873	3.999433873	2.250348044	3605
8.998768245	3.999433873	8.998768245	15.9858769	2.250348044	2.250348044	2481
15.9858769	8.998768245	3.999433873	15.9858769	15.9858769	2.250348044	3709
2.250348044	3.999433873	15.9858769	15.9858769	8.998768245	3.999433873	506
15.9858769	3.999433873	3.999433873	2.250348044	2.250348044	3.999433873	3394
15.9858769	8.998768245	3.999433873	15.9858769	8.998768245	3.999433873	3706
8.998768245	15.9858769	8.998768245	15.9858769	3.999433873	3.999433873	2998
15.9858769	8.998768245	3.999433873	15.9858769	3.999433873	15.9858769	3704
15.9858769	8.998768245	2.250348044	2.250348044	8.998768245	15.9858769	3596
15.9858769	8.998768245	3.999433873	15.9858769	8.998768245	2.250348044	3705
8.998768245	15.9858769	15.9858769	15.9858769	15.9858769	8.998768245	3071
15.9858769	8.998768245	2.250348044	3.999433873	8.998768245	15.9858769	3612
8.998768245	3.999433873	15.9858769	15.9858769	8.998768245	8.998768245	2555
15.9858769	8.998768245	2.250348044	2.250348044	2.250348044	8.998768245	3587
15.9858769	3.999433873	3.999433873	3.999433873	2.250348044	3.999433873	3410
15.9858769	15.9858769	3.999433873	8.998768245	15.9858769	8.998768245	3951
15.9858769	3.999433873	3.999433873	3.999433873	3.999433873	8.998768245	3415
15.9858769	2.250348044	8.998768245	3.999433873	2.250348044	2.250348044	3217
8.998768245	15.9858769	3.999433873	8.998768245	2.250348044	15.9858769	2916
8.998768245	15.9858769	8.998768245	15.9858769	3.999433873	2.250348044	2997
15.9858769	2.250348044	15.9858769	15.9858769	2.250348044	15.9858769	3316
15.9858769	3.999433873	8.998768245	2.250348044	2.250348044	3.999433873	3458
15.9858769	3.999433873	8.998768245	15.9858769	15.9858769	15.9858769	3520
15.9858769	8.998768245	3.999433873	15.9858769	3.999433873	8.998768245	3703
15.9858769	2.250348044	15.9858769	8.998768245	3.999433873	8.998768245	3303
15.9858769	3.999433873	3.999433873	2.250348044	2.250348044	2.250348044	3393
15.9858769	3.999433873	3.999433873	3.999433873	2.250348044	2.250348044	3409
8.998768245	3.999433873	15.9858769	15.9858769	2.250348044	15.9858769	2548
15.9858769	15.9858769	3.999433873	8.998768245	15.9858769	3.999433873	3950
8.998768245	15.9858769	8.998768245	8.998768245	8.998768245	8.998768245	2987
15.9858769	8.998768245	3.999433873	15.9858769	3.999433873	3.999433873	3702
15.9858769	15.9858769	3.999433873	8.998768245	15.9858769	2.250348044	3949
8.998768245	8.998768245	15.9858769	8.998768245	2.250348044	8.998768245	2787
8.998768245	15.9858769	3.999433873	8.998768245	2.250348044	8.998768245	2915
15.9858769	8.998768245	3.999433873	15.9858769	3.999433873	2.250348044	3701
15.9858769	8.998768245	2.250348044	2.250348044	2.250348044	3.999433873	3586
15.9858769	8.998768245	2.250348044	3.999433873	8.998768245	8.998768245	3611
15.9858769	2.250348044	8.998768245	8.998768245	3.999433873	3.999433873	3238
15.9858769	2.250348044	8.998768245	8.998768245	2.250348044	15.9858769	3236
15.9858769	2.250348044	8.998768245	15.9858769	3.999433873	15.9858769	3256
15.9858769	8.998768245	2.250348044	2.250348044	2.250348044	2.250348044	3585
8.998768245	3.999433873	15.9858769	15.9858769	8.998768245	3.999433873	2554
8.998768245	15.9858769	3.999433873	8.998768245	2.250348044	3.999433873	2914
15.9858769	2.250348044	8.998768245	8.998768245	8.998768245	3.999433873	3242
15.9858769	3.999433873	3.999433873	3.999433873	3.999433873	3.999433873	3414
8.998768245	15.9858769	3.999433873	8.998768245	2.250348044	2.250348044	2913
8.998768245	3.999433873	15.9858769	15.9858769	8.998768245	2.250348044	2553
15.9858769	8.998768245	2.250348044	3.999433873	8.998768245	3.999433873	3610
8.998768245	8.998768245	8.998768245	15.9858769	8.998768245	15.9858769	2748
15.9858769	2.250348044	15.9858769	8.998768245	2.250348044	8.998768245	3299
15.9858769	2.250348044	15.9858769	15.9858769	8.998768245	8.998768245	3323
15.9858769	3.999433873	3.999433873	3.999433873	3.999433873	2.250348044	3413
15.9858769	3.999433873	8.998768245	15.9858769	15.9858769	8.998768245	3519
15.9858769	2.250348044	8.998768245	8.998768245	3.999433873	2.250348044	3237
15.9858769	8.998768245	3.999433873	8.998768245	8.998768245	15.9858769	3692
15.9858769	8.998768245	2.250348044	3.999433873	8.998768245	2.250348044	3609
15.9858769	15.9858769	3.999433873	15.9858769	2.250348044	15.9858769	3956
15.9858769	2.250348044	8.998768245	8.998768245	8.998768245	2.250348044	3241
15.9858769	2.250348044	8.998768245	15.9858769	8.998768245	15.9858769	3260
15.9858769	8.998768245	2.250348044	2.250348044	8.998768245	8.998768245	3595
8.998768245	8.998768245	15.9858769	8.998768245	3.999433873	3.999433873	2790
8.998768245	15.9858769	8.998768245	8.998768245	8.998768245	3.999433873	2986
8.998768245	8.998768245	15.9858769	15.9858769	8.998768245	15.9858769	2812
3.999433873	3.999433873	15.9858769	15.9858769	2.250348044	3.999433873	1522
15.9858769	8.998768245	3.999433873	8.998768245	2.250348044	15.9858769	3684
15.9858769	15.9858769	3.999433873	15.9858769	2.250348044	8.998768245	3955
8.998768245	8.998768245	8.998768245	8.998768245	2.250348044	8.998768245	2723
15.9858769	2.250348044	15.9858769	15.9858769	2.250348044	8.998768245	3315
8.998768245	15.9858769	8.998768245	8.998768245	2.250348044	15.9858769	2980
15.9858769	2.250348044	15.9858769	15.9858769	3.999433873	15.9858769	3320
15.9858769	15.9858769	3.999433873	15.9858769	2.250348044	3.999433873	3954
8.998768245	15.9858769	8.998768245	8.998768245	8.998768245	2.250348044	2985
15.9858769	15.9858769	3.999433873	15.9858769	2.250348044	2.250348044	3953
15.9858769	8.998768245	2.250348044	2.250348044	3.999433873	15.9858769	3592
15.9858769	8.998768245	3.999433873	8.998768245	8.998768245	8.998768245	3691
15.9858769	3.999433873	8.998768245	15.9858769	15.9858769	3.999433873	3518
15.9858769	15.9858769	3.999433873	15.9858769	8.998768245	15.9858769	3964
15.9858769	3.999433873	8.998768245	2.250348044	2.250348044	2.250348044	3457
8.998768245	15.9858769	15.9858769	15.9858769	15.9858769	3.999433873	3070
8.998768245	3.999433873	15.9858769	15.9858769	2.250348044	8.998768245	2547
8.998768245	15.9858769	15.9858769	8.998768245	3.999433873	8.998768245	3047
15.9858769	8.998768245	3.999433873	8.998768245	2.250348044	8.998768245	3683
8.998768245	8.998768245	8.998768245	15.9858769	8.998768245	8.998768245	2747
8.998768245	8.998768245	15.9858769	8.998768245	3.999433873	2.250348044	2789
15.9858769	3.999433873	8.998768245	15.9858769	15.9858769	2.250348044	3517
15.9858769	2.250348044	8.998768245	15.9858769	3.999433873	8.998768245	3255
15.9858769	8.998768245	3.999433873	8.998768245	8.998768245	3.999433873	3690
15.9858769	15.9858769	2.250348044	3.999433873	3.999433873	15.9858769	3864
15.9858769	15.9858769	3.999433873	15.9858769	8.998768245	8.998768245	3963
15.9858769	8.998768245	2.250348044	2.250348044	8.998768245	3.999433873	3594
15.9858769	2.250348044	8.998768245	15.9858769	2.250348044	15.9858769	3252
15.9858769	2.250348044	15.9858769	15.9858769	2.250348044	3.999433873	3314
15.9858769	8.998768245	3.999433873	8.998768245	8.998768245	2.250348044	3689
15.9858769	3.999433873	8.998768245	3.999433873	3.999433873	3.999433873	3478
15.9858769	3.999433873	15.9858769	3.999433873	2.250348044	8.998768245	3539
15.9858769	8.998768245	3.999433873	8.998768245	2.250348044	3.999433873	3682
2.250348044	8.998768245	15.9858769	15.9858769	2.250348044	2.250348044	753
3.999433873	3.999433873	15.9858769	15.9858769	2.250348044	2.250348044	1521
8.998768245	15.9858769	15.9858769	15.9858769	15.9858769	2.250348044	3069
15.9858769	2.250348044	15.9858769	15.9858769	2.250348044	2.250348044	3313
15.9858769	15.9858769	3.999433873	15.9858769	8.998768245	3.999433873	3962
15.9858769	8.998768245	3.999433873	8.998768245	2.250348044	2.250348044	3681
15.9858769	8.998768245	3.999433873	8.998768245	3.999433873	15.9858769	3688
15.9858769	8.998768245	3.999433873	3.999433873	8.998768245	15.9858769	3676
15.9858769	8.998768245	2.250348044	2.250348044	8.998768245	2.250348044	3593
15.9858769	15.9858769	3.999433873	15.9858769	8.998768245	2.250348044	3961
15.9858769	2.250348044	8.998768245	15.9858769	8.998768245	8.998768245	3259
15.9858769	2.250348044	15.9858769	8.998768245	3.999433873	3.999433873	3302
15.9858769	8.998768245	3.999433873	2.250348044	2.250348044	15.9858769	3652
8.998768245	8.998768245	8.998768245	15.9858769	8.998768245	3.999433873	2746
15.9858769	2.250348044	15.9858769	15.9858769	8.998768245	3.999433873	3322
15.9858769	2.250348044	8.998768245	8.998768245	2.250348044	8.998768245	3235
15.9858769	15.9858769	2.250348044	3.999433873	3.999433873	8.998768245	3863
15.9858769	8.998768245	2.250348044	2.250348044	3.999433873	8.998768245	3591
8.998768245	8.998768245	8.998768245	8.998768245	2.250348044	3.999433873	2722
8.998768245	8.998768245	8.998768245	15.9858769	8.998768245	2.250348044	2745
15.9858769	15.9858769	3.999433873	15.9858769	3.999433873	15.9858769	3960
8.998768245	3.999433873	15.9858769	15.9858769	2.250348044	3.999433873	2546
15.9858769	15.9858769	3.999433873	15.9858769	15.9858769	15.9858769	3968
15.9858769	8.998768245	3.999433873	8.998768245	3.999433873	8.998768245	3687
15.9858769	15.9858769	2.250348044	3.999433873	3.999433873	3.999433873	3862
15.9858769	3.999433873	8.998768245	3.999433873	3.999433873	2.250348044	3477
15.9858769	3.999433873	15.9858769	3.999433873	3.999433873	3.999433873	3542
15.9858769	15.9858769	2.250348044	2.250348044	2.250348044	15.9858769	3844
8.998768245	8.998768245	8.998768245	8.998768245	2.250348044	2.250348044	2721
15.9858769	2.250348044	15.9858769	15.9858769	8.998768245	2.250348044	3321
15.9858769	2.250348044	8.998768245	15.9858769	3.999433873	3.999433873	3254
15.9858769	15.9858769	3.999433873	15.9858769	3.999433873	8.998768245	3959
8.998768245	8.998768245	15.9858769	8.998768245	2.250348044	3.999433873	2786
15.9858769	15.9858769	2.250348044	3.999433873	3.999433873	2.250348044	3861
15.9858769	15.9858769	3.999433873	15.9858769	15.9858769	8.998768245	3967
8.998768245	3.999433873	15.9858769	15.9858769	2.250348044	2.250348044	2545
15.9858769	15.9858769	3.999433873	2.250348044	3.999433873	15.9858769	3912
15.9858769	2.250348044	15.9858769	8.998768245	3.999433873	2.250348044	3301
15.9858769	15.9858769	3.999433873	15.9858769	3.999433873	3.999433873	3958
15.9858769	15.9858769	3.999433873	15.9858769	15.9858769	3.999433873	3966
15.9858769	8.998768245	2.250348044	2.250348044	3.999433873	3.999433873	3590
15.9858769	8.998768245	3.999433873	8.998768245	3.999433873	3.999433873	3686
2.250348044	2.250348044	15.9858769	3.999433873	3.999433873	15.9858769	216
15.9858769	15.9858769	3.999433873	15.9858769	3.999433873	2.250348044	3957
15.9858769	15.9858769	3.999433873	15.9858769	15.9858769	2.250348044	3965
15.9858769	2.250348044	8.998768245	15.9858769	8.998768245	3.999433873	3258
15.9858769	2.250348044	15.9858769	8.998768245	2.250348044	3.999433873	3298
15.9858769	2.250348044	8.998768245	15.9858769	3.999433873	2.250348044	3253
15.9858769	8.998768245	8.998768245	2.250348044	3.999433873	2.250348044	3717
15.9858769	15.9858769	2.250348044	3.999433873	8.998768245	15.9858769	3868
8.998768245	8.998768245	15.9858769	15.9858769	3.999433873	15.9858769	2808
15.9858769	8.998768245	3.999433873	8.998768245	3.999433873	2.250348044	3685
15.9858769	8.998768245	3.999433873	3.999433873	8.998768245	8.998768245	3675
8.998768245	15.9858769	15.9858769	8.998768245	2.250348044	8.998768245	3043
15.9858769	8.998768245	2.250348044	2.250348044	3.999433873	2.250348044	3589
2.250348044	2.250348044	15.9858769	2.250348044	2.250348044	8.998768245	195
15.9858769	2.250348044	15.9858769	15.9858769	3.999433873	8.998768245	3319
8.998768245	15.9858769	8.998768245	8.998768245	2.250348044	8.998768245	2979
2.250348044	3.999433873	8.998768245	15.9858769	2.250348044	3.999433873	434
15.9858769	2.250348044	8.998768245	15.9858769	8.998768245	2.250348044	3257
15.9858769	15.9858769	2.250348044	2.250348044	2.250348044	8.998768245	3843
15.9858769	2.250348044	8.998768245	15.9858769	2.250348044	8.998768245	3251
8.998768245	8.998768245	15.9858769	8.998768245	2.250348044	2.250348044	2785
15.9858769	8.998768245	8.998768245	3.999433873	3.999433873	15.9858769	3736
15.9858769	2.250348044	8.998768245	8.998768245	2.250348044	3.999433873	3234
15.9858769	15.9858769	2.250348044	3.999433873	8.998768245	8.998768245	3867
15.9858769	8.998768245	8.998768245	8.998768245	15.9858769	15.9858769	3760
15.9858769	2.250348044	15.9858769	8.998768245	2.250348044	2.250348044	3297
15.9858769	8.998768245	3.999433873	3.999433873	2.250348044	15.9858769	3668
15.9858769	3.999433873	8.998768245	3.999433873	2.250348044	15.9858769	3476
15.9858769	8.998768245	3.999433873	3.999433873	8.998768245	3.999433873	3674
8.998768245	8.998768245	8.998768245	15.9858769	2.250348044	15.9858769	2740
15.9858769	15.9858769	2.250348044	2.250348044	2.250348044	3.999433873	3842
8.998768245	15.9858769	15.9858769	8.998768245	3.999433873	3.999433873	3046
15.9858769	8.998768245	3.999433873	2.250348044	2.250348044	8.998768245	3651
8.998768245	8.998768245	15.9858769	15.9858769	8.998768245	8.998768245	2811
15.9858769	15.9858769	3.999433873	8.998768245	8.998768245	15.9858769	3948
15.9858769	8.998768245	3.999433873	3.999433873	8.998768245	2.250348044	3673
15.9858769	15.9858769	2.250348044	2.250348044	8.998768245	15.9858769	3852
15.9858769	15.9858769	2.250348044	2.250348044	2.250348044	2.250348044	3841
15.9858769	2.250348044	8.998768245	8.998768245	2.250348044	2.250348044	3233
15.9858769	15.9858769	2.250348044	3.999433873	8.998768245	3.999433873	3866
15.9858769	15.9858769	3.999433873	2.250348044	3.999433873	8.998768245	3911
15.9858769	15.9858769	2.250348044	3.999433873	8.998768245	2.250348044	3865
8.998768245	15.9858769	8.998768245	15.9858769	8.998768245	15.9858769	3004
8.998768245	15.9858769	8.998768245	8.998768245	2.250348044	3.999433873	2978
15.9858769	2.250348044	8.998768245	15.9858769	2.250348044	3.999433873	3250
15.9858769	15.9858769	3.999433873	8.998768245	8.998768245	8.998768245	3947
15.9858769	15.9858769	3.999433873	8.998768245	2.250348044	15.9858769	3940
8.998768245	15.9858769	15.9858769	8.998768245	3.999433873	2.250348044	3045
2.250348044	3.999433873	8.998768245	15.9858769	2.250348044	2.250348044	433
15.9858769	8.998768245	3.999433873	3.999433873	2.250348044	8.998768245	3667
15.9858769	2.250348044	15.9858769	15.9858769	3.999433873	3.999433873	3318
15.9858769	15.9858769	8.998768245	2.250348044	2.250348044	8.998768245	3971
15.9858769	8.998768245	3.999433873	3.999433873	3.999433873	15.9858769	3672
15.9858769	3.999433873	15.9858769	3.999433873	3.999433873	2.250348044	3541
8.998768245	15.9858769	8.998768245	8.998768245	2.250348044	2.250348044	2977
15.9858769	15.9858769	3.999433873	8.998768245	8.998768245	3.999433873	3946
15.9858769	2.250348044	8.998768245	15.9858769	2.250348044	2.250348044	3249
15.9858769	15.9858769	3.999433873	8.998768245	2.250348044	8.998768245	3939
15.9858769	15.9858769	3.999433873	8.998768245	8.998768245	2.250348044	3945
15.9858769	15.9858769	3.999433873	2.250348044	3.999433873	3.999433873	3910
8.998768245	8.998768245	15.9858769	15.9858769	8.998768245	3.999433873	2810
15.9858769	8.998768245	3.999433873	2.250348044	2.250348044	3.999433873	3650
15.9858769	8.998768245	8.998768245	8.998768245	15.9858769	8.998768245	3759
8.998768245	8.998768245	15.9858769	15.9858769	2.250348044	15.9858769	2804
15.9858769	2.250348044	15.9858769	15.9858769	3.999433873	2.250348044	3317
8.998768245	15.9858769	8.998768245	15.9858769	8.998768245	8.998768245	3003
15.9858769	15.9858769	3.999433873	8.998768245	2.250348044	3.999433873	3938
15.9858769	8.998768245	3.999433873	3.999433873	2.250348044	3.999433873	3666
15.9858769	15.9858769	2.250348044	2.250348044	8.998768245	8.998768245	3851
15.9858769	3.999433873	8.998768245	8.998768245	8.998768245	15.9858769	3500
15.9858769	8.998768245	8.998768245	15.9858769	15.9858769	15.9858769	3776
15.9858769	15.9858769	3.999433873	2.250348044	3.999433873	2.250348044	3909
15.9858769	15.9858769	3.999433873	8.998768245	2.250348044	2.250348044	3937
2.250348044	2.250348044	8.998768245	8.998768245	2.250348044	15.9858769	164
8.998768245	8.998768245	15.9858769	15.9858769	8.998768245	2.250348044	2809
8.998768245	8.998768245	15.9858769	15.9858769	3.999433873	8.998768245	2807
15.9858769	8.998768245	3.999433873	2.250348044	2.250348044	2.250348044	3649
15.9858769	8.998768245	3.999433873	3.999433873	2.250348044	2.250348044	3665
8.998768245	8.998768245	8.998768245	15.9858769	2.250348044	8.998768245	2739
15.9858769	8.998768245	3.999433873	3.999433873	3.999433873	8.998768245	3671
15.9858769	15.9858769	3.999433873	8.998768245	3.999433873	15.9858769	3944
8.998768245	15.9858769	15.9858769	8.998768245	2.250348044	3.999433873	3042
8.998768245	15.9858769	8.998768245	15.9858769	8.998768245	3.999433873	3002
2.250348044	2.250348044	15.9858769	3.999433873	2.250348044	15.9858769	212
15.9858769	15.9858769	2.250348044	2.250348044	3.999433873	15.9858769	3848
15.9858769	8.998768245	8.998768245	8.998768245	15.9858769	3.999433873	3758
8.998768245	15.9858769	8.998768245	15.9858769	8.998768245	2.250348044	3001
15.9858769	15.9858769	2.250348044	2.250348044	8.998768245	3.999433873	3850
15.9858769	8.998768245	8.998768245	15.9858769	15.9858769	8.998768245	3775
15.9858769	15.9858769	3.999433873	8.998768245	3.999433873	8.998768245	3943
15.9858769	8.998768245	8.998768245	8.998768245	15.9858769	2.250348044	3757
15.9858769	8.998768245	3.999433873	3.999433873	3.999433873	3.999433873	3670
15.9858769	3.999433873	8.998768245	15.9858769	8.998768245	15.9858769	3516
15.9858769	15.9858769	3.999433873	3.999433873	8.998768245	15.9858769	3932
15.9858769	15.9858769	2.250348044	2.250348044	8.998768245	2.250348044	3849
15.9858769	3.999433873	8.998768245	3.999433873	2.250348044	8.998768245	3475
15.9858769	15.9858769	3.999433873	2.250348044	2.250348044	15.9858769	3908
15.9858769	8.998768245	3.999433873	3.999433873	3.999433873	2.250348044	3669
15.9858769	15.9858769	3.999433873	8.998768245	3.999433873	3.999433873	3942
8.998768245	15.9858769	15.9858769	8.998768245	2.250348044	2.250348044	3041
8.998768245	15.9858769	15.9858769	15.9858769	3.999433873	15.9858769	3064
8.998768245	8.998768245	8.998768245	15.9858769	2.250348044	3.999433873	2738
15.9858769	3.999433873	8.998768245	8.998768245	8.998768245	8.998768245	3499
15.9858769	15.9858769	3.999433873	8.998768245	3.999433873	2.250348044	3941
15.9858769	8.998768245	8.998768245	15.9858769	15.9858769	3.999433873	3774
15.9858769	15.9858769	2.250348044	2.250348044	3.999433873	8.998768245	3847
15.9858769	3.999433873	8.998768245	8.998768245	3.999433873	15.9858769	3496
15.9858769	8.998768245	8.998768245	15.9858769	15.9858769	2.250348044	3773
15.9858769	3.999433873	15.9858769	15.9858769	15.9858769	15.9858769	3584
8.998768245	8.998768245	8.998768245	15.9858769	2.250348044	2.250348044	2737
8.998768245	8.998768245	15.9858769	15.9858769	3.999433873	3.999433873	2806
15.9858769	8.998768245	15.9858769	2.250348044	2.250348044	3.999433873	3778
15.9858769	15.9858769	8.998768245	2.250348044	3.999433873	3.999433873	3974
8.998768245	15.9858769	15.9858769	15.9858769	8.998768245	8.998768245	3067
2.250348044	2.250348044	8.998768245	15.9858769	3.999433873	15.9858769	184
2.250348044	2.250348044	8.998768245	8.998768245	2.250348044	8.998768245	163
15.9858769	15.9858769	3.999433873	3.999433873	8.998768245	8.998768245	3931
15.9858769	3.999433873	15.9858769	3.999433873	2.250348044	3.999433873	3538
15.9858769	8.998768245	8.998768245	3.999433873	3.999433873	8.998768245	3735
2.250348044	3.999433873	15.9858769	3.999433873	2.250348044	3.999433873	466
15.9858769	3.999433873	8.998768245	15.9858769	8.998768245	8.998768245	3515
15.9858769	15.9858769	2.250348044	2.250348044	3.999433873	3.999433873	3846
8.998768245	8.998768245	15.9858769	15.9858769	3.999433873	2.250348044	2805
8.998768245	8.998768245	15.9858769	15.9858769	2.250348044	8.998768245	2803
15.9858769	3.999433873	8.998768245	8.998768245	8.998768245	3.999433873	3498
15.9858769	15.9858769	2.250348044	2.250348044	3.999433873	2.250348044	3845
8.998768245	15.9858769	8.998768245	15.9858769	2.250348044	15.9858769	2996
15.9858769	3.999433873	8.998768245	8.998768245	2.250348044	15.9858769	3492
15.9858769	3.999433873	8.998768245	8.998768245	8.998768245	2.250348044	3497
15.9858769	15.9858769	8.998768245	8.998768245	15.9858769	15.9858769	4016
2.250348044	2.250348044	8.998768245	8.998768245	3.999433873	8.998768245	167
2.250348044	3.999433873	15.9858769	8.998768245	3.999433873	15.9858769	488
15.9858769	15.9858769	3.999433873	3.999433873	8.998768245	3.999433873	3930
15.9858769	3.999433873	15.9858769	8.998768245	3.999433873	15.9858769	3560
2.250348044	8.998768245	15.9858769	15.9858769	2.250348044	3.999433873	754
15.9858769	3.999433873	8.998768245	8.998768245	3.999433873	8.998768245	3495
15.9858769	3.999433873	8.998768245	15.9858769	8.998768245	3.999433873	3514
15.9858769	15.9858769	3.999433873	2.250348044	2.250348044	8.998768245	3907
15.9858769	15.9858769	3.999433873	3.999433873	8.998768245	2.250348044	3929
15.9858769	3.999433873	8.998768245	3.999433873	2.250348044	3.999433873	3474
15.9858769	15.9858769	8.998768245	3.999433873	3.999433873	15.9858769	3992
15.9858769	15.9858769	15.9858769	3.999433873	2.250348044	15.9858769	4052
15.9858769	3.999433873	8.998768245	15.9858769	8.998768245	2.250348044	3513
15.9858769	15.9858769	3.999433873	3.999433873	2.250348044	15.9858769	3924
15.9858769	3.999433873	15.9858769	15.9858769	15.9858769	8.998768245	3583
8.998768245	15.9858769	15.9858769	15.9858769	8.998768245	3.999433873	3066
15.9858769	8.998768245	8.998768245	2.250348044	2.250348044	3.999433873	3714
15.9858769	3.999433873	8.998768245	15.9858769	2.250348044	15.9858769	3508
15.9858769	3.999433873	15.9858769	3.999433873	2.250348044	2.250348044	3537
2.250348044	2.250348044	8.998768245	3.999433873	2.250348044	2.250348044	145
2.250348044	3.999433873	15.9858769	3.999433873	3.999433873	2.250348044	469
8.998768245	15.9858769	15.9858769	15.9858769	8.998768245	2.250348044	3065
15.9858769	15.9858769	8.998768245	15.9858769	15.9858769	15.9858769	4032
8.998768245	15.9858769	15.9858769	15.9858769	2.250348044	15.9858769	3060
15.9858769	15.9858769	8.998768245	2.250348044	3.999433873	2.250348044	3973
15.9858769	3.999433873	8.998768245	3.999433873	2.250348044	2.250348044	3473
15.9858769	3.999433873	15.9858769	8.998768245	8.998768245	15.9858769	3564
15.9858769	3.999433873	8.998768245	8.998768245	3.999433873	3.999433873	3494
2.250348044	3.999433873	15.9858769	8.998768245	8.998768245	3.999433873	490
8.998768245	8.998768245	15.9858769	15.9858769	2.250348044	3.999433873	2802
15.9858769	8.998768245	8.998768245	3.999433873	8.998768245	8.998768245	3739
15.9858769	15.9858769	3.999433873	3.999433873	2.250348044	8.998768245	3923
8.998768245	15.9858769	15.9858769	15.9858769	3.999433873	8.998768245	3063
15.9858769	15.9858769	8.998768245	8.998768245	15.9858769	8.998768245	4015
15.9858769	8.998768245	8.998768245	3.999433873	3.999433873	3.999433873	3734
15.9858769	15.9858769	3.999433873	2.250348044	2.250348044	3.999433873	3906
15.9858769	3.999433873	8.998768245	8.998768245	3.999433873	2.250348044	3493
15.9858769	3.999433873	15.9858769	15.9858769	15.9858769	3.999433873	3582
2.250348044	3.999433873	15.9858769	15.9858769	8.998768245	15.9858769	508
15.9858769	15.9858769	8.998768245	15.9858769	15.9858769	8.998768245	4031
8.998768245	8.998768245	15.9858769	15.9858769	2.250348044	2.250348044	2801
15.9858769	8.998768245	8.998768245	2.250348044	2.250348044	2.250348044	3713
15.9858769	15.9858769	3.999433873	2.250348044	2.250348044	2.250348044	3905
8.998768245	15.9858769	8.998768245	15.9858769	2.250348044	8.998768245	2995
2.250348044	2.250348044	8.998768245	15.9858769	8.998768245	8.998768245	187
15.9858769	3.999433873	8.998768245	8.998768245	2.250348044	8.998768245	3491
15.9858769	15.9858769	3.999433873	3.999433873	2.250348044	3.999433873	3922
15.9858769	3.999433873	15.9858769	15.9858769	15.9858769	2.250348044	3581
15.9858769	15.9858769	3.999433873	3.999433873	3.999433873	15.9858769	3928
2.250348044	3.999433873	15.9858769	8.998768245	8.998768245	2.250348044	489
15.9858769	8.998768245	8.998768245	3.999433873	3.999433873	2.250348044	3733
15.9858769	15.9858769	3.999433873	3.999433873	2.250348044	2.250348044	3921
15.9858769	3.999433873	8.998768245	15.9858769	2.250348044	8.998768245	3507
15.9858769	15.9858769	8.998768245	8.998768245	15.9858769	3.999433873	4014
15.9858769	15.9858769	8.998768245	15.9858769	15.9858769	3.999433873	4030
2.250348044	3.999433873	15.9858769	15.9858769	15.9858769	8.998768245	511
15.9858769	15.9858769	8.998768245	15.9858769	15.9858769	2.250348044	4029
15.9858769	15.9858769	8.998768245	8.998768245	15.9858769	2.250348044	4013
15.9858769	8.998768245	15.9858769	2.250348044	2.250348044	2.250348044	3777
15.9858769	15.9858769	3.999433873	3.999433873	3.999433873	8.998768245	3927
2.250348044	3.999433873	15.9858769	15.9858769	15.9858769	3.999433873	510
15.9858769	3.999433873	15.9858769	8.998768245	3.999433873	8.998768245	3559
15.9858769	8.998768245	8.998768245	3.999433873	8.998768245	3.999433873	3738
15.9858769	15.9858769	15.9858769	3.999433873	3.999433873	15.9858769	4056
8.998768245	15.9858769	15.9858769	15.9858769	2.250348044	8.998768245	3059
8.998768245	15.9858769	8.998768245	15.9858769	2.250348044	3.999433873	2994
15.9858769	3.999433873	15.9858769	8.998768245	8.998768245	8.998768245	3563
8.998768245	15.9858769	15.9858769	15.9858769	3.999433873	3.999433873	3062
15.9858769	3.999433873	8.998768245	8.998768245	2.250348044	3.999433873	3490
2.250348044	2.250348044	8.998768245	15.9858769	8.998768245	3.999433873	186
15.9858769	3.999433873	8.998768245	15.9858769	2.250348044	3.999433873	3506
15.9858769	15.9858769	3.999433873	3.999433873	3.999433873	3.999433873	3926
2.250348044	2.250348044	8.998768245	8.998768245	3.999433873	3.999433873	166
15.9858769	8.998768245	8.998768245	3.999433873	8.998768245	2.250348044	3737
8.998768245	15.9858769	8.998768245	15.9858769	2.250348044	2.250348044	2993
15.9858769	15.9858769	3.999433873	3.999433873	3.999433873	2.250348044	3925
15.9858769	3.999433873	8.998768245	15.9858769	2.250348044	2.250348044	3505
8.998768245	15.9858769	15.9858769	15.9858769	3.999433873	2.250348044	3061
15.9858769	3.999433873	8.998768245	8.998768245	2.250348044	2.250348044	3489
2.250348044	2.250348044	8.998768245	15.9858769	8.998768245	2.250348044	185
15.9858769	15.9858769	8.998768245	3.999433873	3.999433873	8.998768245	3991
15.9858769	3.999433873	8.998768245	15.9858769	3.999433873	15.9858769	3512
15.9858769	3.999433873	15.9858769	15.9858769	3.999433873	15.9858769	3576
2.250348044	2.250348044	8.998768245	8.998768245	3.999433873	2.250348044	165
15.9858769	15.9858769	8.998768245	2.250348044	2.250348044	3.999433873	3970
3.999433873	3.999433873	15.9858769	15.9858769	2.250348044	15.9858769	1524
3.999433873	2.250348044	8.998768245	15.9858769	2.250348044	8.998768245	1203
15.9858769	3.999433873	15.9858769	8.998768245	8.998768245	3.999433873	3562
15.9858769	8.998768245	15.9858769	8.998768245	15.9858769	15.9858769	3824
15.9858769	3.999433873	15.9858769	8.998768245	3.999433873	3.999433873	3558
15.9858769	3.999433873	15.9858769	8.998768245	8.998768245	2.250348044	3561
3.999433873	3.999433873	15.9858769	15.9858769	2.250348044	8.998768245	1523
15.9858769	3.999433873	8.998768245	15.9858769	3.999433873	8.998768245	3511
15.9858769	15.9858769	8.998768245	2.250348044	2.250348044	2.250348044	3969
15.9858769	8.998768245	15.9858769	3.999433873	3.999433873	8.998768245	3799
15.9858769	15.9858769	15.9858769	2.250348044	2.250348044	3.999433873	4034
15.9858769	3.999433873	15.9858769	8.998768245	2.250348044	15.9858769	3556
15.9858769	8.998768245	8.998768245	15.9858769	8.998768245	15.9858769	3772
8.998768245	15.9858769	15.9858769	15.9858769	2.250348044	3.999433873	3058
15.9858769	3.999433873	15.9858769	8.998768245	3.999433873	2.250348044	3557
15.9858769	8.998768245	15.9858769	3.999433873	2.250348044	8.998768245	3795
15.9858769	15.9858769	8.998768245	3.999433873	3.999433873	3.999433873	3990
15.9858769	8.998768245	8.998768245	8.998768245	8.998768245	15.9858769	3756
15.9858769	3.999433873	8.998768245	15.9858769	3.999433873	3.999433873	3510
2.250348044	3.999433873	15.9858769	15.9858769	15.9858769	2.250348044	509
15.9858769	3.999433873	15.9858769	15.9858769	3.999433873	8.998768245	3575
8.998768245	15.9858769	15.9858769	15.9858769	2.250348044	2.250348044	3057
15.9858769	3.999433873	8.998768245	15.9858769	3.999433873	2.250348044	3509
15.9858769	8.998768245	8.998768245	15.9858769	8.998768245	8.998768245	3771
15.9858769	15.9858769	8.998768245	3.999433873	3.999433873	2.250348044	3989
15.9858769	15.9858769	8.998768245	3.999433873	8.998768245	15.9858769	3996
3.999433873	2.250348044	8.998768245	15.9858769	2.250348044	3.999433873	1202
15.9858769	8.998768245	8.998768245	3.999433873	2.250348044	15.9858769	3732
3.999433873	3.999433873	15.9858769	8.998768245	2.250348044	2.250348044	1505
15.9858769	8.998768245	8.998768245	15.9858769	8.998768245	3.999433873	3770
15.9858769	8.998768245	8.998768245	8.998768245	8.998768245	8.998768245	3755
15.9858769	8.998768245	8.998768245	15.9858769	8.998768245	2.250348044	3769
15.9858769	8.998768245	15.9858769	8.998768245	15.9858769	8.998768245	3823
2.250348044	8.998768245	15.9858769	15.9858769	2.250348044	8.998768245	755
3.999433873	2.250348044	8.998768245	15.9858769	2.250348044	2.250348044	1201
3.999433873	3.999433873	15.9858769	15.9858769	3.999433873	2.250348044	1525
3.999433873	3.999433873	15.9858769	15.9858769	3.999433873	3.999433873	1526
15.9858769	3.999433873	15.9858769	15.9858769	3.999433873	3.999433873	3574
15.9858769	8.998768245	8.998768245	8.998768245	8.998768245	3.999433873	3754
15.9858769	3.999433873	15.9858769	8.998768245	2.250348044	8.998768245	3555
15.9858769	8.998768245	8.998768245	8.998768245	8.998768245	2.250348044	3753
15.9858769	3.999433873	15.9858769	15.9858769	3.999433873	2.250348044	3573
15.9858769	15.9858769	15.9858769	2.250348044	2.250348044	2.250348044	4033
15.9858769	8.998768245	15.9858769	8.998768245	15.9858769	3.999433873	3822
15.9858769	15.9858769	8.998768245	3.999433873	8.998768245	8.998768245	3995
15.9858769	3.999433873	15.9858769	15.9858769	8.998768245	15.9858769	3580
15.9858769	8.998768245	15.9858769	3.999433873	3.999433873	3.999433873	3798
15.9858769	8.998768245	8.998768245	8.998768245	2.250348044	15.9858769	3748
15.9858769	8.998768245	8.998768245	3.999433873	2.250348044	8.998768245	3731
15.9858769	8.998768245	15.9858769	8.998768245	15.9858769	2.250348044	3821
15.9858769	3.999433873	15.9858769	8.998768245	2.250348044	3.999433873	3554
2.250348044	8.998768245	15.9858769	8.998768245	2.250348044	2.250348044	737
15.9858769	8.998768245	8.998768245	15.9858769	2.250348044	15.9858769	3764
15.9858769	8.998768245	15.9858769	3.999433873	3.999433873	2.250348044	3797
15.9858769	15.9858769	8.998768245	3.999433873	8.998768245	3.999433873	3994
15.9858769	3.999433873	15.9858769	8.998768245	2.250348044	2.250348044	3553
15.9858769	8.998768245	15.9858769	3.999433873	2.250348044	3.999433873	3794
15.9858769	8.998768245	15.9858769	15.9858769	15.9858769	15.9858769	3840
15.9858769	3.999433873	15.9858769	15.9858769	8.998768245	8.998768245	3579
15.9858769	15.9858769	8.998768245	3.999433873	8.998768245	2.250348044	3993
15.9858769	8.998768245	8.998768245	3.999433873	2.250348044	3.999433873	3730
15.9858769	8.998768245	8.998768245	8.998768245	2.250348044	8.998768245	3747
15.9858769	15.9858769	8.998768245	15.9858769	8.998768245	15.9858769	4028
15.9858769	3.999433873	15.9858769	15.9858769	2.250348044	15.9858769	3572
15.9858769	8.998768245	8.998768245	15.9858769	2.250348044	8.998768245	3763
15.9858769	8.998768245	8.998768245	3.999433873	2.250348044	2.250348044	3729
15.9858769	8.998768245	15.9858769	3.999433873	2.250348044	2.250348044	3793
15.9858769	15.9858769	15.9858769	3.999433873	2.250348044	8.998768245	4051
15.9858769	15.9858769	8.998768245	15.9858769	8.998768245	8.998768245	4027
15.9858769	3.999433873	15.9858769	15.9858769	8.998768245	3.999433873	3578
15.9858769	8.998768245	15.9858769	15.9858769	15.9858769	8.998768245	3839
15.9858769	8.998768245	8.998768245	8.998768245	2.250348044	3.999433873	3746
15.9858769	8.998768245	8.998768245	15.9858769	2.250348044	3.999433873	3762
15.9858769	15.9858769	15.9858769	3.999433873	3.999433873	8.998768245	4055
15.9858769	15.9858769	8.998768245	8.998768245	8.998768245	15.9858769	4012
15.9858769	15.9858769	8.998768245	15.9858769	8.998768245	3.999433873	4026
15.9858769	3.999433873	15.9858769	15.9858769	8.998768245	2.250348044	3577
15.9858769	8.998768245	8.998768245	15.9858769	2.250348044	2.250348044	3761
15.9858769	8.998768245	15.9858769	8.998768245	3.999433873	15.9858769	3816
15.9858769	8.998768245	8.998768245	8.998768245	2.250348044	2.250348044	3745
15.9858769	15.9858769	8.998768245	15.9858769	8.998768245	2.250348044	4025
2.250348044	8.998768245	15.9858769	15.9858769	3.999433873	3.999433873	758
15.9858769	15.9858769	15.9858769	8.998768245	15.9858769	15.9858769	4080
15.9858769	8.998768245	15.9858769	15.9858769	15.9858769	3.999433873	3838
15.9858769	3.999433873	15.9858769	15.9858769	2.250348044	8.998768245	3571
15.9858769	8.998768245	8.998768245	8.998768245	3.999433873	15.9858769	3752
15.9858769	8.998768245	15.9858769	15.9858769	15.9858769	2.250348044	3837
15.9858769	15.9858769	8.998768245	8.998768245	8.998768245	8.998768245	4011
2.250348044	3.999433873	8.998768245	15.9858769	2.250348044	15.9858769	436
15.9858769	15.9858769	8.998768245	3.999433873	2.250348044	15.9858769	3988
8.998768245	2.250348044	15.9858769	15.9858769	2.250348044	15.9858769	2292
15.9858769	15.9858769	8.998768245	8.998768245	8.998768245	3.999433873	4010
2.250348044	3.999433873	8.998768245	8.998768245	2.250348044	8.998768245	419
15.9858769	8.998768245	8.998768245	8.998768245	3.999433873	8.998768245	3751
15.9858769	15.9858769	8.998768245	8.998768245	8.998768245	2.250348044	4009
2.250348044	3.999433873	8.998768245	15.9858769	3.999433873	15.9858769	440
15.9858769	3.999433873	15.9858769	15.9858769	2.250348044	3.999433873	3570
2.250348044	8.998768245	15.9858769	15.9858769	3.999433873	2.250348044	757
15.9858769	3.999433873	15.9858769	15.9858769	2.250348044	2.250348044	3569
15.9858769	15.9858769	15.9858769	8.998768245	15.9858769	8.998768245	4079
15.9858769	8.998768245	8.998768245	15.9858769	3.999433873	15.9858769	3768
15.9858769	8.998768245	8.998768245	8.998768245	3.999433873	3.999433873	3750
15.9858769	8.998768245	8.998768245	8.998768245	3.999433873	2.250348044	3749
15.9858769	15.9858769	8.998768245	8.998768245	2.250348044	15.9858769	4004
15.9858769	8.998768245	15.9858769	8.998768245	3.999433873	8.998768245	3815
15.9858769	15.9858769	8.998768245	15.9858769	2.250348044	15.9858769	4020
15.9858769	15.9858769	15.9858769	3.999433873	3.999433873	3.999433873	4054
8.998768245	2.250348044	15.9858769	15.9858769	2.250348044	8.998768245	2291
2.250348044	3.999433873	8.998768245	15.9858769	2.250348044	8.998768245	435
15.9858769	15.9858769	15.9858769	3.999433873	2.250348044	3.999433873	4050
15.9858769	8.998768245	15.9858769	15.9858769	3.999433873	15.9858769	3832
15.9858769	15.9858769	8.998768245	3.999433873	2.250348044	8.998768245	3987
15.9858769	8.998768245	8.998768245	15.9858769	3.999433873	8.998768245	3767
15.9858769	15.9858769	15.9858769	8.998768245	15.9858769	3.999433873	4078
15.9858769	15.9858769	15.9858769	3.999433873	3.999433873	2.250348044	4053
15.9858769	15.9858769	15.9858769	8.998768245	15.9858769	2.250348044	4077
15.9858769	15.9858769	8.998768245	15.9858769	2.250348044	8.998768245	4019
15.9858769	8.998768245	8.998768245	15.9858769	3.999433873	3.999433873	3766
15.9858769	15.9858769	8.998768245	8.998768245	2.250348044	8.998768245	4003
15.9858769	8.998768245	8.998768245	15.9858769	3.999433873	2.250348044	3765
15.9858769	8.998768245	15.9858769	8.998768245	3.999433873	3.999433873	3814
15.9858769	15.9858769	15.9858769	3.999433873	2.250348044	2.250348044	4049
15.9858769	15.9858769	15.9858769	15.9858769	15.9858769	15.9858769	4096
2.250348044	3.999433873	8.998768245	15.9858769	3.999433873	8.998768245	439
15.9858769	15.9858769	8.998768245	15.9858769	2.250348044	3.999433873	4018
15.9858769	15.9858769	8.998768245	3.999433873	2.250348044	3.999433873	3986
15.9858769	8.998768245	15.9858769	8.998768245	3.999433873	2.250348044	3813
15.9858769	15.9858769	8.998768245	15.9858769	2.250348044	2.250348044	4017
8.998768245	2.250348044	15.9858769	15.9858769	2.250348044	3.999433873	2290
15.9858769	8.998768245	15.9858769	15.9858769	3.999433873	8.998768245	3831
15.9858769	15.9858769	8.998768245	3.999433873	2.250348044	2.250348044	3985
15.9858769	15.9858769	8.998768245	8.998768245	2.250348044	3.999433873	4002
15.9858769	15.9858769	8.998768245	8.998768245	2.250348044	2.250348044	4001
15.9858769	15.9858769	15.9858769	15.9858769	15.9858769	8.998768245	4095
2.250348044	3.999433873	8.998768245	8.998768245	2.250348044	3.999433873	418
8.998768245	2.250348044	15.9858769	15.9858769	2.250348044	2.250348044	2289
15.9858769	15.9858769	15.9858769	8.998768245	3.999433873	15.9858769	4072
15.9858769	8.998768245	15.9858769	15.9858769	3.999433873	3.999433873	3830
15.9858769	8.998768245	15.9858769	8.998768245	8.998768245	15.9858769	3820
15.9858769	15.9858769	15.9858769	15.9858769	15.9858769	3.999433873	4094
15.9858769	15.9858769	15.9858769	15.9858769	15.9858769	2.250348044	4093
15.9858769	8.998768245	15.9858769	15.9858769	3.999433873	2.250348044	3829
2.250348044	3.999433873	8.998768245	8.998768245	2.250348044	2.250348044	417
15.9858769	8.998768245	15.9858769	8.998768245	8.998768245	8.998768245	3819
2.250348044	3.999433873	8.998768245	15.9858769	3.999433873	3.999433873	438
2.250348044	15.9858769	15.9858769	15.9858769	2.250348044	2.250348044	1009
15.9858769	15.9858769	8.998768245	8.998768245	3.999433873	15.9858769	4008
15.9858769	15.9858769	15.9858769	8.998768245	3.999433873	8.998768245	4071
15.9858769	8.998768245	15.9858769	8.998768245	8.998768245	3.999433873	3818
2.250348044	8.998768245	15.9858769	15.9858769	2.250348044	15.9858769	756
2.250348044	3.999433873	8.998768245	15.9858769	3.999433873	2.250348044	437
15.9858769	15.9858769	15.9858769	15.9858769	3.999433873	15.9858769	4088
15.9858769	8.998768245	15.9858769	8.998768245	8.998768245	2.250348044	3817
15.9858769	8.998768245	15.9858769	8.998768245	2.250348044	15.9858769	3812
15.9858769	15.9858769	8.998768245	15.9858769	3.999433873	15.9858769	4024
15.9858769	15.9858769	8.998768245	8.998768245	3.999433873	8.998768245	4007
15.9858769	15.9858769	8.998768245	8.998768245	3.999433873	3.999433873	4006
15.9858769	15.9858769	8.998768245	8.998768245	3.999433873	2.250348044	4005
15.9858769	15.9858769	8.998768245	15.9858769	3.999433873	8.998768245	4023
15.9858769	15.9858769	15.9858769	8.998768245	3.999433873	3.999433873	4070
15.9858769	15.9858769	8.998768245	15.9858769	3.999433873	3.999433873	4022
15.9858769	15.9858769	15.9858769	8.998768245	3.999433873	2.250348044	4069
15.9858769	15.9858769	15.9858769	15.9858769	3.999433873	8.998768245	4087
15.9858769	8.998768245	15.9858769	8.998768245	2.250348044	8.998768245	3811
15.9858769	15.9858769	8.998768245	15.9858769	3.999433873	2.250348044	4021
15.9858769	8.998768245	15.9858769	15.9858769	8.998768245	15.9858769	3836
15.9858769	8.998768245	15.9858769	8.998768245	2.250348044	3.999433873	3810
2.250348044	8.998768245	15.9858769	8.998768245	2.250348044	3.999433873	738
15.9858769	15.9858769	15.9858769	15.9858769	3.999433873	3.999433873	4086
15.9858769	8.998768245	15.9858769	8.998768245	2.250348044	2.250348044	3809
15.9858769	15.9858769	15.9858769	15.9858769	3.999433873	2.250348044	4085
15.9858769	8.998768245	15.9858769	15.9858769	8.998768245	8.998768245	3835
15.9858769	8.998768245	15.9858769	15.9858769	8.998768245	3.999433873	3834
15.9858769	15.9858769	15.9858769	8.998768245	2.250348044	15.9858769	4068
2.250348044	8.998768245	15.9858769	15.9858769	3.999433873	8.998768245	759
2.250348044	3.999433873	15.9858769	3.999433873	2.250348044	8.998768245	467
15.9858769	8.998768245	15.9858769	15.9858769	8.998768245	2.250348044	3833
15.9858769	15.9858769	15.9858769	8.998768245	8.998768245	15.9858769	4076
2.250348044	3.999433873	15.9858769	2.250348044	2.250348044	3.999433873	450
2.250348044	3.999433873	15.9858769	2.250348044	3.999433873	3.999433873	454
2.250348044	8.998768245	15.9858769	8.998768245	3.999433873	3.999433873	742
2.250348044	3.999433873	15.9858769	3.999433873	3.999433873	8.998768245	471
15.9858769	15.9858769	15.9858769	8.998768245	2.250348044	8.998768245	4067
15.9858769	15.9858769	15.9858769	8.998768245	8.998768245	8.998768245	4075
15.9858769	15.9858769	15.9858769	8.998768245	2.250348044	3.999433873	4066
15.9858769	15.9858769	15.9858769	8.998768245	8.998768245	3.999433873	4074
15.9858769	15.9858769	15.9858769	8.998768245	8.998768245	2.250348044	4073
15.9858769	15.9858769	15.9858769	8.998768245	2.250348044	2.250348044	4065
2.250348044	8.998768245	15.9858769	8.998768245	3.999433873	2.250348044	741
2.250348044	3.999433873	15.9858769	2.250348044	3.999433873	2.250348044	453
2.250348044	3.999433873	15.9858769	8.998768245	8.998768245	15.9858769	492
15.9858769	8.998768245	15.9858769	15.9858769	2.250348044	15.9858769	3828
2.250348044	3.999433873	15.9858769	8.998768245	15.9858769	15.9858769	496
2.250348044	8.998768245	8.998768245	15.9858769	2.250348044	3.999433873	690
3.999433873	3.999433873	15.9858769	8.998768245	2.250348044	15.9858769	1508
2.250348044	3.999433873	15.9858769	3.999433873	8.998768245	3.999433873	474
2.250348044	3.999433873	15.9858769	3.999433873	8.998768245	2.250348044	473
15.9858769	8.998768245	15.9858769	15.9858769	2.250348044	8.998768245	3827
2.250348044	8.998768245	8.998768245	15.9858769	2.250348044	2.250348044	689
2.250348044	8.998768245	15.9858769	15.9858769	8.998768245	3.999433873	762
15.9858769	8.998768245	15.9858769	15.9858769	2.250348044	3.999433873	3826
15.9858769	15.9858769	15.9858769	15.9858769	8.998768245	15.9858769	4092
15.9858769	8.998768245	15.9858769	15.9858769	2.250348044	2.250348044	3825
3.999433873	3.999433873	15.9858769	8.998768245	2.250348044	8.998768245	1507
3.999433873	3.999433873	15.9858769	15.9858769	3.999433873	15.9858769	1528
15.9858769	15.9858769	15.9858769	15.9858769	8.998768245	8.998768245	4091
2.250348044	3.999433873	15.9858769	8.998768245	15.9858769	8.998768245	495
2.250348044	8.998768245	15.9858769	15.9858769	8.998768245	2.250348044	761
2.250348044	3.999433873	15.9858769	8.998768245	15.9858769	3.999433873	494
3.999433873	3.999433873	15.9858769	3.999433873	2.250348044	2.250348044	1489
3.999433873	3.999433873	15.9858769	8.998768245	3.999433873	8.998768245	1511
15.9858769	15.9858769	15.9858769	15.9858769	8.998768245	3.999433873	4090
15.9858769	15.9858769	15.9858769	15.9858769	8.998768245	2.250348044	4089
2.250348044	15.9858769	15.9858769	15.9858769	2.250348044	3.999433873	1010
2.250348044	3.999433873	15.9858769	8.998768245	15.9858769	2.250348044	493
3.999433873	3.999433873	15.9858769	15.9858769	8.998768245	8.998768245	1531
3.999433873	3.999433873	15.9858769	8.998768245	3.999433873	3.999433873	1510
3.999433873	3.999433873	15.9858769	15.9858769	8.998768245	3.999433873	1530
15.9858769	15.9858769	15.9858769	15.9858769	2.250348044	15.9858769	4084
3.999433873	3.999433873	15.9858769	15.9858769	8.998768245	2.250348044	1529
3.999433873	3.999433873	15.9858769	8.998768245	3.999433873	2.250348044	1509
2.250348044	15.9858769	15.9858769	15.9858769	3.999433873	2.250348044	1013
15.9858769	15.9858769	15.9858769	15.9858769	2.250348044	8.998768245	4083
15.9858769	15.9858769	15.9858769	15.9858769	2.250348044	3.999433873	4082
15.9858769	15.9858769	15.9858769	15.9858769	2.250348044	2.250348044	4081
2.250348044	8.998768245	15.9858769	2.250348044	2.250348044	2.250348044	705
2.250348044	8.998768245	15.9858769	8.998768245	3.999433873	15.9858769	744
2.250348044	8.998768245	15.9858769	8.998768245	2.250348044	15.9858769	740
2.250348044	8.998768245	15.9858769	8.998768245	2.250348044	8.998768245	739
2.250348044	8.998768245	15.9858769	3.999433873	2.250348044	3.999433873	722
2.250348044	8.998768245	15.9858769	15.9858769	3.999433873	15.9858769	760
2.250348044	8.998768245	15.9858769	3.999433873	2.250348044	2.250348044	721
2.250348044	8.998768245	15.9858769	3.999433873	3.999433873	3.999433873	726
2.250348044	8.998768245	15.9858769	8.998768245	3.999433873	8.998768245	743
2.250348044	8.998768245	15.9858769	15.9858769	8.998768245	15.9858769	764
2.250348044	8.998768245	15.9858769	3.999433873	3.999433873	2.250348044	725
2.250348044	8.998768245	15.9858769	8.998768245	8.998768245	8.998768245	747
2.250348044	8.998768245	15.9858769	8.998768245	15.9858769	2.250348044	749
2.250348044	8.998768245	15.9858769	15.9858769	15.9858769	15.9858769	768
3.999433873	8.998768245	15.9858769	15.9858769	2.250348044	15.9858769	1780
3.999433873	8.998768245	15.9858769	15.9858769	3.999433873	8.998768245	1783
2.250348044	8.998768245	15.9858769	15.9858769	8.998768245	8.998768245	763
2.250348044	15.9858769	15.9858769	8.998768245	2.250348044	8.998768245	995
2.250348044	15.9858769	15.9858769	15.9858769	2.250348044	15.9858769	1012
2.250348044	15.9858769	15.9858769	15.9858769	2.250348044	8.998768245	1011
2.250348044	8.998768245	15.9858769	15.9858769	15.9858769	8.998768245	767
2.250348044	15.9858769	15.9858769	15.9858769	3.999433873	15.9858769	1016
3.999433873	8.998768245	15.9858769	15.9858769	2.250348044	8.998768245	1779
2.250348044	8.998768245	15.9858769	8.998768245	8.998768245	3.999433873	746
2.250348044	15.9858769	15.9858769	3.999433873	2.250348044	2.250348044	977
2.250348044	15.9858769	15.9858769	8.998768245	2.250348044	3.999433873	994
3.999433873	8.998768245	15.9858769	8.998768245	2.250348044	3.999433873	1762
2.250348044	15.9858769	15.9858769	8.998768245	2.250348044	2.250348044	993
2.250348044	8.998768245	15.9858769	8.998768245	8.998768245	2.250348044	745
2.250348044	15.9858769	15.9858769	15.9858769	3.999433873	8.998768245	1015
3.999433873	8.998768245	15.9858769	15.9858769	2.250348044	3.999433873	1778
2.250348044	15.9858769	15.9858769	15.9858769	3.999433873	3.999433873	1014
2.250348044	8.998768245	15.9858769	15.9858769	15.9858769	3.999433873	766
3.999433873	8.998768245	15.9858769	8.998768245	2.250348044	2.250348044	1761
2.250348044	15.9858769	15.9858769	8.998768245	3.999433873	3.999433873	998
3.999433873	8.998768245	15.9858769	15.9858769	2.250348044	2.250348044	1777
2.250348044	8.998768245	15.9858769	15.9858769	15.9858769	2.250348044	765
3.999433873	8.998768245	15.9858769	15.9858769	3.999433873	3.999433873	1782
2.250348044	15.9858769	15.9858769	8.998768245	3.999433873	2.250348044	997
2.250348044	15.9858769	15.9858769	15.9858769	8.998768245	8.998768245	1019
3.999433873	8.998768245	15.9858769	15.9858769	3.999433873	2.250348044	1781
3.999433873	15.9858769	15.9858769	15.9858769	2.250348044	3.999433873	2034
2.250348044	15.9858769	15.9858769	15.9858769	8.998768245	3.999433873	1018
2.250348044	15.9858769	15.9858769	15.9858769	8.998768245	2.250348044	1017
3.999433873	15.9858769	15.9858769	15.9858769	2.250348044	2.250348044	2033
